id,mmsi,status,station,speed,lat,lon,course,heading,rot,timestamp
518,311040700,0,676,198,33.5675,34.6578,55,56,0,"2013-07-01 20:26:00"
521,311040700,0,682,198,33.5789,34.6772,55,56,0,"2013-07-01 20:42:00"
525,311040700,0,687,158,34.3747,33.3387,288,288,0,"2013-07-01 20:40:00"
526,311040700,0,688,158,34.2313,33.8991,287,287,0,"2013-07-01 20:39:00"
527,311040700,0,689,198,33.5836,34.6854,55,56,0,"2013-07-01 20:38:00"
529,311040700,0,691,198,33.5867,34.6908,55,55,0,"2013-07-01 20:36:00"
532,311040700,0,695,198,33.5946,34.705,57,57,0,"2013-07-01 20:40:00"
534,311040700,0,698,198,33.6025,34.7193,56,56,0,"2013-07-01 20:38:00"
537,311040700,0,701,197,33.609,34.7314,57,56,0,"2013-07-01 20:44:00"
538,311040700,0,702,198,33.612,34.7369,56,56,0,"2013-07-01 20:42:00"
541,311040700,0,705,197,33.6162,34.7446,57,57,0,"2013-07-01 20:35:00"
543,311040700,0,707,197,33.6216,34.7546,56,56,0,"2013-07-01 20:34:00"
545,311040700,0,710,197,33.633,34.7755,56,57,0,"2013-07-01 20:41:00"
546,311040700,0,711,197,33.6372,34.7832,56,56,0,"2013-07-01 20:43:00"
548,311040700,0,713,198,33.645,34.7975,56,57,0,"2013-07-01 20:40:00"
549,311040700,0,714,197,33.6546,34.8153,57,56,0,"2013-07-01 20:43:00"
550,311040700,0,715,199,33.6746,34.8525,56,56,0,"2013-07-01 20:42:00"
553,311040700,0,718,198,33.6833,34.8677,55,55,0,"2013-07-01 20:41:00"
554,311040700,0,719,199,33.688,34.8758,55,55,0,"2013-07-01 20:36:00"
556,311040700,0,722,199,33.6924,34.8834,55,54,0,"2013-07-01 20:35:00"
557,311040700,0,723,199,33.6993,34.8955,55,54,0,"2013-07-01 20:41:00"
559,311040700,0,726,199,33.7077,34.9103,55,55,0,"2013-07-01 20:37:00"
561,311040700,0,728,199,33.7112,34.9163,56,55,0,"2013-07-01 20:41:00"
562,311040700,0,729,199,33.7159,34.9245,55,54,0,"2013-07-01 20:37:00"
564,311040700,0,731,199,33.7316,34.952,56,55,0,"2013-07-01 20:44:00"
566,311040700,0,733,199,33.735,34.958,55,55,0,"2013-07-01 20:35:00"
568,311040700,0,735,199,33.7385,34.9641,55,55,0,"2013-07-01 20:41:00"
569,311040700,0,736,199,33.7425,34.9711,55,55,0,"2013-07-01 20:43:00"
571,311040700,0,738,198,33.7469,34.9788,55,55,0,"2013-07-01 20:39:00"
573,311040700,0,740,196,33.7512,34.9864,56,55,0,"2013-07-01 20:36:00"
575,311040700,0,743,194,33.7548,34.9929,56,55,0,"2013-07-01 20:42:00"
576,311040700,0,744,193,33.7578,34.9982,56,55,0,"2013-07-01 20:38:00"
578,311040700,0,747,190,33.7637,35.0088,56,54,0,"2013-07-01 20:35:00"
580,311040700,0,749,187,33.7678,35.0161,56,55,0,"2013-07-01 20:37:00"
581,311040700,0,750,185,33.7716,35.0228,56,55,0,"2013-07-01 20:35:00"
583,311040700,0,752,183,33.7747,35.0284,55,54,0,"2013-07-01 20:35:00"
584,311040700,0,753,181,33.7781,35.0345,56,55,0,"2013-07-01 20:32:00"
587,311040700,0,757,179,33.7845,35.0461,57,54,0,"2013-07-01 20:41:00"
588,311040700,0,760,178,33.788,35.0525,56,54,0,"2013-07-01 20:37:00"
589,311040700,0,763,178,33.7913,35.0584,56,54,0,"2013-07-01 20:35:00"
592,311040700,0,766,179,33.8015,35.0769,56,55,0,"2013-07-01 20:40:00"
594,311040700,0,768,178,33.8047,35.0827,56,54,0,"2013-07-01 20:40:00"
595,311040700,0,769,178,33.8081,35.0886,56,55,0,"2013-07-01 20:19:00"
596,311040700,0,770,178,33.8115,35.0946,55,54,0,"2013-07-01 19:34:00"
597,311040700,0,771,177,33.8164,35.1033,55,55,0,"2013-07-01 20:41:00"
598,311040700,0,772,177,33.8195,35.1087,56,55,0,"2013-07-01 20:37:00"
599,311040700,0,773,177,33.8255,35.1195,55,54,0,"2013-07-01 20:41:00"
600,311040700,0,774,176,33.8288,35.1253,55,55,0,"2013-07-01 20:37:00"
601,311040700,0,775,176,33.8349,35.1361,55,54,0,"2013-07-01 20:39:00"
602,311040700,0,776,176,33.8379,35.1414,55,55,0,"2013-07-01 20:20:00"
604,311040700,0,778,176,33.8415,35.1477,55,55,0,"2013-07-01 20:35:00"
606,311040700,0,780,176,33.8449,35.1535,55,54,0,"2013-07-01 20:39:00"
607,311040700,0,782,176,33.8486,35.1599,55,55,0,"2013-07-01 19:58:00"
608,311040700,0,783,176,33.8583,35.1766,55,55,0,"2013-07-01 20:34:00"
610,311040700,0,785,176,33.8614,35.182,55,54,0,"2013-07-01 05:27:00"
612,311040700,0,787,175,33.8644,35.1873,55,55,0,"2013-07-01 20:14:00"
614,311040700,0,789,175,33.8674,35.1926,55,55,0,"2013-07-01 19:49:00"
615,311040700,0,790,167,33.8707,35.197,42,39,0,"2013-07-01 20:36:00"
616,311040700,0,793,170,33.8753,35.2014,39,39,0,"2013-07-01 20:40:00"
617,311040700,0,794,171,33.8795,35.2053,36,35,0,"2013-07-01 20:38:00"
618,311040700,0,795,173,33.8838,35.209,36,35,0,"2013-07-01 20:35:00"
620,311040700,0,798,174,33.8884,35.2131,36,35,0,"2013-07-01 20:44:00"
621,311040700,0,799,175,33.8928,35.2169,35,35,0,"2013-07-01 20:41:00"
623,311040700,0,801,175,33.8971,35.2206,36,35,0,"2013-07-01 20:35:00"
624,311040700,0,802,175,33.9011,35.224,35,35,0,"2013-07-01 20:39:00"
626,311040700,0,805,176,33.9131,35.2405,67,68,0,"2013-07-01 20:38:00"
628,311040700,0,807,175,33.9147,35.2467,75,74,0,"2013-07-01 20:42:00"
630,311040700,0,809,175,33.9156,35.253,83,83,0,"2013-07-01 20:41:00"
631,311040700,0,811,172,33.9165,35.2611,82,83,0,"2013-07-01 20:19:00"
632,311040700,0,812,171,33.9169,35.2674,87,86,0,"2013-07-01 20:33:00"
634,311040700,0,815,167,33.9177,35.2815,86,86,0,"2013-07-01 20:43:00"
635,311040700,0,816,165,33.9181,35.2887,86,85,0,"2013-07-01 20:42:00"
636,311040700,0,817,161,33.9187,35.3012,86,86,0,"2013-07-01 20:39:00"
637,311040700,0,818,159,33.919,35.3075,86,86,0,"2013-07-01 20:34:00"
638,311040700,0,819,157,33.9193,35.3134,86,85,0,"2013-07-01 20:37:00"
640,311040700,0,821,154,33.9196,35.3196,86,86,0,"2013-07-01 20:34:00"
641,311040700,0,822,153,33.9199,35.3252,88,88,0,"2013-07-01 20:35:00"
642,311040700,0,823,138,33.9201,35.3364,88,88,0,"2013-07-01 20:34:00"
643,311040700,0,824,131,33.9202,35.3418,88,87,0,"2013-07-01 20:37:00"
644,311040700,0,825,118,33.9204,35.351,88,88,0,"2013-07-01 20:42:00"
645,311040700,0,826,111,33.9205,35.3553,88,88,0,"2013-07-01 20:41:00"
646,311040700,0,827,106,33.9206,35.3596,88,88,0,"2013-07-01 20:41:00"
647,311040700,0,828,102,33.9207,35.3648,89,88,0,"2013-07-01 20:41:00"
648,311040700,0,832,99,33.9207,35.3692,88,87,0,"2013-07-01 20:22:00"
649,311040700,0,833,98,33.9208,35.3731,89,87,0,"2013-07-01 20:41:00"
650,311040700,0,834,97,33.9208,35.377,89,88,0,"2013-07-01 20:37:00"
651,311040700,0,837,96,33.9211,35.3926,88,88,0,"2013-07-01 20:36:00"
652,311040700,0,838,96,33.9212,35.3969,89,88,0,"2013-07-01 20:42:00"
654,311040700,0,840,96,33.9214,35.4172,89,88,0,"2013-07-01 20:39:00"
655,311040700,0,841,95,33.9215,35.4331,89,88,0,"2013-07-01 20:39:00"
656,311040700,0,843,95,33.9215,35.4374,89,88,0,"2013-07-01 20:38:00"
657,311040700,0,844,94,33.9216,35.4415,89,88,0,"2013-07-01 20:29:00"
658,311040700,0,845,94,33.9216,35.4453,89,88,0,"2013-07-01 20:44:00"
659,311040700,0,846,94,33.9216,35.449,89,88,0,"2013-07-01 20:40:00"
660,311040700,0,847,94,33.9216,35.4653,89,88,0,"2013-07-01 20:37:00"
661,311040700,0,848,92,33.9219,35.4726,87,85,0,"2013-07-01 20:33:00"
662,311040700,0,849,89,33.9221,35.4762,86,85,0,"2013-07-01 20:43:00"
663,311040700,0,850,85,33.9223,35.4796,85,85,0,"2013-07-01 20:43:00"
664,311040700,0,851,80,33.923,35.4869,79,79,0,"2013-07-01 20:38:00"
665,311040700,0,852,80,33.9234,35.49,80,80,0,"2013-07-01 20:40:00"
666,311040700,0,853,80,33.924,35.4934,79,80,0,"2013-07-01 20:37:00"
667,311040700,0,854,79,33.9254,35.5027,79,80,0,"2013-07-01 20:38:00"
668,311040700,0,855,79,33.926,35.5062,79,80,0,"2013-07-01 20:39:00"
669,311040700,0,856,79,33.9264,35.5092,79,80,0,"2013-07-01 20:34:00"
670,311040700,0,857,79,33.9269,35.5122,79,80,0,"2013-07-01 20:36:00"
671,311040700,0,858,79,33.9274,35.5156,82,83,0,"2013-07-01 20:35:00"
672,311040700,0,859,37,33.9273,35.523,105,109,0,"2013-07-01 20:35:00"
673,311040700,0,860,9,33.9271,35.5241,58,127,0,"2013-07-01 20:39:00"
674,311040700,0,861,6,33.9275,35.5242,355,123,0,"2013-07-01 20:41:00"
675,311040700,0,862,3,33.9277,35.5241,324,122,0,"2013-07-01 20:40:00"
676,311040700,0,863,3,33.9281,35.5238,323,123,0,"2013-07-01 20:40:00"
677,311040700,0,864,4,33.929,35.5232,329,114,0,"2013-07-01 20:34:00"
678,311040700,0,865,4,33.9294,35.5229,325,106,0,"2013-07-01 20:17:00"
679,311040700,0,866,4,33.9297,35.5226,323,98,0,"2013-07-01 20:38:00"
681,311040700,0,869,9,33.9301,35.5221,90,106,0,"2013-07-01 20:37:00"
683,311040700,0,871,32,33.9298,35.5236,104,106,0,"2013-07-01 20:35:00"
684,311040700,0,872,28,33.9293,35.5258,107,109,0,"2013-07-01 20:35:00"
685,311040700,0,874,24,33.9287,35.5274,120,124,0,"2013-07-01 20:44:00"
686,311040700,0,875,19,33.9278,35.5288,128,137,0,"2013-07-01 20:35:00"
689,311040700,0,878,3,33.927,35.5301,105,142,0,"2013-07-01 20:35:00"
690,311040700,0,879,3,33.9268,35.5304,128,141,0,"2013-07-01 20:40:00"
691,311040700,0,880,67,33.9225,35.5348,141,141,0,"2013-07-01 20:36:00"
692,311040700,0,881,71,33.9206,35.5359,160,164,0,"2013-07-01 20:42:00"
693,311040700,0,882,65,33.9165,35.5355,205,209,0,"2013-07-01 20:36:00"
694,311040700,0,883,65,33.9148,35.534,222,225,0,"2013-07-01 20:37:00"
695,311040700,0,884,51,33.912,35.5304,229,228,0,"2013-07-01 20:38:00"
696,311040700,0,885,35,33.9083,35.5254,225,223,0,"2013-07-01 20:43:00"
697,311040700,0,886,27,33.9065,35.5227,230,230,0,"2013-07-01 19:48:00"
698,311040700,0,887,8,33.9059,35.5213,13,264,0,"2013-07-01 20:35:00"
699,311040700,0,889,9,33.9064,35.5217,123,357,0,"2013-07-01 20:34:00"
700,311040700,0,890,16,33.9071,35.5235,56,57,0,"2013-07-01 20:41:00"
702,311040700,5,892,1,33.9076,35.5253,68,59,0,"2013-07-01 20:35:00"
703,311040700,5,893,2,33.9076,35.5252,267,57,0,"2013-07-01 20:36:00"
704,311040700,5,894,0,33.9076,35.5252,261,57,0,"2013-07-01 20:37:00"
705,311040700,5,895,0,33.9076,35.5252,261,57,0,"2013-07-01 20:41:00"
706,311040700,5,896,0,33.9076,35.5252,261,57,0,"2013-07-01 20:40:00"
707,311040700,5,897,0,33.9076,35.5252,261,57,0,"2013-07-01 20:39:00"
708,311040700,5,898,0,33.9076,35.5252,261,57,0,"2013-07-01 20:43:00"
709,311040700,5,899,0,33.9076,35.5252,261,57,0,"2013-07-01 20:41:00"
711,311040700,5,901,0,33.9076,35.5252,261,57,0,"2013-07-01 18:28:00"
712,311040700,5,902,0,33.9076,35.5252,261,57,0,"2013-07-01 20:33:00"
715,311040700,5,905,0,33.9076,35.5252,261,57,0,"2013-07-01 20:37:00"
716,311040700,5,906,0,33.9076,35.5252,261,57,0,"2013-07-01 20:38:00"
717,311040700,5,907,0,33.9076,35.5252,261,57,0,"2013-07-01 20:35:00"
718,311040700,5,908,0,33.9076,35.5252,261,57,0,"2013-07-01 20:42:00"
721,311040700,5,911,0,33.9076,35.5252,261,57,0,"2013-07-01 20:35:00"
722,311040700,5,912,0,33.9076,35.5252,261,57,0,"2013-07-01 20:42:00"
723,311040700,5,913,0,33.9076,35.5252,261,57,0,"2013-07-01 20:44:00"
726,311040700,5,916,0,33.9076,35.5252,261,57,0,"2013-07-01 20:42:00"
729,311040700,5,921,0,33.9076,35.5252,261,57,0,"2013-07-01 20:40:00"
730,311040700,5,922,0,33.9076,35.5252,261,57,0,"2013-07-01 20:34:00"
732,311040700,5,924,0,33.9076,35.5252,261,57,0,"2013-07-01 20:37:00"
735,311040700,5,927,0,33.9076,35.5252,261,57,0,"2013-07-01 20:37:00"
738,311040700,5,931,0,33.9076,35.5252,261,57,0,"2013-07-01 20:40:00"
740,311040700,5,933,0,33.9076,35.5252,261,57,0,"2013-07-01 20:38:00"
746,311040700,5,940,0,33.9076,35.5252,261,57,0,"2013-07-01 20:41:00"
748,311040700,5,943,0,33.9076,35.5252,261,57,0,"2013-07-01 20:41:00"
750,311040700,5,945,0,33.9076,35.5252,261,57,0,"2013-07-01 20:43:00"
755,311040700,5,951,0,33.9076,35.5252,261,57,0,"2013-07-01 20:42:00"
757,311040700,5,953,0,33.9076,35.5252,261,57,0,"2013-07-01 20:44:00"
759,311040700,5,955,0,33.9076,35.5252,261,57,0,"2013-07-01 20:35:00"
760,311040700,5,956,0,33.9076,35.5252,261,57,0,"2013-07-01 20:43:00"
762,311040700,5,958,0,33.9076,35.5252,261,57,0,"2013-07-01 20:44:00"
764,311040700,5,960,0,33.9076,35.5252,261,57,0,"2013-07-01 20:41:00"
768,311040700,5,964,0,33.9076,35.5252,261,57,0,"2013-07-01 20:35:00"
771,311040700,5,967,0,33.9076,35.5252,261,57,0,"2013-07-01 20:36:00"
772,311040700,5,968,0,33.9076,35.5252,261,57,0,"2013-07-01 20:39:00"
775,311040700,5,972,0,33.9076,35.5252,261,57,0,"2013-07-01 20:36:00"
777,311040700,5,975,0,33.9076,35.5252,261,57,0,"2013-07-01 20:34:00"
780,311040700,5,978,0,33.9076,35.5252,261,57,0,"2013-07-01 20:40:00"
782,311040700,5,980,0,33.9076,35.5252,261,57,0,"2013-07-01 20:37:00"
785,311040700,5,985,0,33.9076,35.5252,261,57,0,"2013-07-01 20:34:00"
790,311040700,5,990,0,33.9076,35.5252,261,57,0,"2013-07-01 20:37:00"
792,311040700,5,992,0,33.9076,35.5252,261,57,0,"2013-07-01 20:44:00"
795,311040700,5,995,0,33.9076,35.5252,261,57,0,"2013-07-01 20:37:00"
798,311040700,5,998,0,33.9076,35.5252,261,57,0,"2013-07-01 20:35:00"
801,311040700,5,1002,0,33.9076,35.5252,261,57,0,"2013-07-01 20:36:00"
804,311040700,5,1005,0,33.9076,35.5252,261,57,0,"2013-07-01 20:31:00"
807,311040700,5,1008,0,33.9076,35.5252,261,57,0,"2013-07-01 20:42:00"
810,311040700,5,1011,0,33.9076,35.5252,261,57,0,"2013-07-01 20:41:00"
811,311040700,5,1012,0,33.9076,35.5252,261,57,0,"2013-07-01 20:29:00"
816,311040700,5,1018,0,33.9076,35.5252,261,57,0,"2013-07-01 20:39:00"
825,311040700,5,1027,0,33.9076,35.5252,261,57,0,"2013-07-01 20:38:00"
827,311040700,5,1029,8,33.9077,35.5253,45,58,0,"2013-07-01 20:43:00"
828,311040700,5,1031,36,33.9084,35.5266,59,59,0,"2013-07-01 20:34:00"
829,311040700,5,1032,44,33.9091,35.528,53,56,0,"2013-07-01 20:40:00"
831,311040700,0,1034,55,33.9177,35.5363,34,33,0,"2013-07-01 20:35:00"
833,311040700,0,1036,46,33.9191,35.5373,26,22,0,"2013-07-01 20:41:00"
835,311040700,0,1038,38,33.9204,35.5378,10,4,0,"2013-07-01 20:37:00"
836,311040700,0,1040,41,33.9231,35.537,323,317,0,"2013-07-01 20:36:00"
837,311040700,0,1041,45,33.9239,35.5359,304,297,0,"2013-07-01 20:43:00"
838,311040700,0,1042,55,33.9246,35.5341,287,281,0,"2013-07-01 20:36:00"
839,311040700,0,1043,66,33.9249,35.5311,273,269,0,"2013-07-01 20:39:00"
840,311040700,0,1044,82,33.9249,35.5281,270,270,0,"2013-07-01 20:44:00"
841,311040700,0,1045,94,33.925,35.5246,270,269,0,"2013-07-01 20:38:00"
843,311040700,0,1048,109,33.9235,35.5122,260,260,0,"2013-07-01 20:34:00"
845,311040700,0,1050,119,33.9231,35.5077,267,268,0,"2013-07-01 20:41:00"
846,311040700,0,1051,126,33.9231,35.5029,270,270,0,"2013-07-01 20:43:00"
847,311040700,0,1053,141,33.9232,35.4909,269,269,0,"2013-07-01 20:40:00"
848,311040700,0,1057,147,33.923,35.4802,269,270,0,"2013-07-01 20:35:00"
850,311040700,0,1059,149,33.923,35.4747,269,270,0,"2013-07-01 20:43:00"
851,311040700,0,1060,151,33.9229,35.4687,269,270,0,"2013-07-01 20:37:00"
852,311040700,0,1061,152,33.9229,35.4627,269,270,0,"2013-07-01 20:42:00"
854,311040700,0,1065,153,33.9228,35.457,269,269,0,"2013-07-01 20:39:00"
855,311040700,0,1066,154,33.9227,35.4514,269,270,0,"2013-07-01 20:39:00"
856,311040700,0,1067,154,33.9227,35.4452,269,270,0,"2013-07-01 20:44:00"
857,311040700,0,1068,154,33.9226,35.4385,269,269,0,"2013-07-01 20:40:00"
858,311040700,0,1069,156,33.9227,35.4329,274,276,0,"2013-07-01 20:44:00"
860,311040700,0,1071,144,33.9241,35.4223,268,265,0,"2013-07-01 20:39:00"
861,311040700,0,1072,147,33.924,35.4167,271,273,0,"2013-07-01 20:35:00"
864,311040700,0,1075,153,33.9242,35.3985,270,271,0,"2013-07-01 20:38:00"
865,311040700,0,1076,153,33.9242,35.3929,270,271,0,"2013-07-01 20:34:00"
867,311040700,0,1078,153,33.9243,35.3872,270,270,0,"2013-07-01 20:37:00"
869,311040700,0,1080,154,33.9243,35.3811,270,270,0,"2013-07-01 20:44:00"
871,311040700,0,1083,154,33.9244,35.3754,270,271,0,"2013-07-01 20:43:00"
873,311040700,0,1085,154,33.9244,35.3692,270,271,0,"2013-07-01 20:42:00"
874,311040700,0,1086,154,33.9245,35.3579,270,271,0,"2013-07-01 20:42:00"
876,311040700,0,1088,154,33.9246,35.3517,270,271,0,"2013-07-01 20:39:00"
877,311040700,0,1089,154,33.9247,35.3455,270,271,0,"2013-07-01 20:40:00"
878,311040700,0,1091,154,33.9247,35.3393,270,271,0,"2013-07-01 20:41:00"
880,311040700,0,1093,154,33.9248,35.3337,270,271,0,"2013-07-01 20:37:00"
882,311040700,0,1096,155,33.925,35.31,270,271,0,"2013-07-01 20:41:00"
883,311040700,0,1097,155,33.9252,35.298,271,271,0,"2013-07-01 20:35:00"
885,311040700,0,1099,155,33.9253,35.2923,271,270,0,"2013-07-01 20:37:00"
886,311040700,0,1100,156,33.9254,35.2855,271,271,0,"2013-07-01 20:38:00"
888,311040700,0,1102,156,33.9255,35.2788,270,271,0,"2013-07-01 20:42:00"
889,311040700,0,1103,157,33.9256,35.273,271,273,0,"2013-07-01 20:35:00"
890,311040700,0,1104,157,33.9262,35.2667,280,281,0,"2013-07-01 20:40:00"
891,311040700,0,1105,156,33.9272,35.2611,280,280,0,"2013-07-01 20:38:00"
892,311040700,0,1106,156,33.9282,35.2549,281,281,0,"2013-07-01 20:38:00"
893,311040700,0,1107,156,33.9293,35.2493,285,285,0,"2013-07-01 20:41:00"
894,311040700,0,1108,156,33.9305,35.2433,283,283,0,"2013-07-01 20:37:00"
896,311040700,0,1110,156,33.9328,35.2317,283,284,0,"2013-07-01 20:37:00"
898,311040700,0,1112,155,33.9339,35.2261,283,283,0,"2013-07-01 20:39:00"
900,311040700,0,1114,154,33.9351,35.2206,284,284,0,"2013-07-01 20:39:00"
902,311040700,0,1116,154,33.9381,35.2061,284,283,0,"2013-07-01 20:36:00"
903,311040700,0,1117,154,33.9395,35.1996,284,284,0,"2013-07-01 19:56:00"
904,311040700,0,1118,154,33.941,35.1931,284,284,0,"2013-07-01 20:36:00"
905,311040700,0,1119,154,33.9424,35.1865,285,284,0,"2013-07-01 20:43:00"
907,311040700,0,1121,154,33.9436,35.1811,285,284,0,"2013-07-01 20:44:00"
908,311040700,0,1123,154,33.9449,35.1755,285,283,0,"2013-07-01 20:35:00"
909,311040700,0,1124,154,33.9478,35.1632,285,284,0,"2013-07-01 20:37:00"
910,311040700,0,1125,155,33.949,35.1576,285,283,0,"2013-07-01 20:35:00"
911,311040700,0,1126,155,33.952,35.1451,285,283,0,"2013-07-01 20:43:00"
912,311040700,0,1128,155,33.9534,35.1391,285,284,0,"2013-07-01 19:41:00"
914,311040700,0,1130,155,33.956,35.1277,286,284,0,"2013-07-01 20:43:00"
916,311040700,0,1132,155,33.9573,35.1222,286,284,0,"2013-07-01 20:40:00"
918,311040700,0,1134,156,33.9589,35.1157,286,284,0,"2013-07-01 20:39:00"
922,311040700,0,1140,155,33.9663,35.0853,286,284,0,"2013-07-01 20:37:00"
926,311040700,0,1144,156,33.9734,35.057,287,284,0,"2013-07-01 20:43:00"
928,311040700,0,1147,155,33.9749,35.0512,286,282,0,"2013-07-01 20:36:00"
930,311040700,0,1149,155,33.978,35.0387,286,282,0,"2013-07-01 20:37:00"
932,311040700,0,1151,155,33.9798,35.0313,286,283,0,"2013-07-01 20:31:00"
934,311040700,0,1153,155,33.9817,35.0238,286,283,0,"2013-07-01 20:35:00"
935,311040700,0,1154,154,33.9832,35.0178,286,282,0,"2013-07-01 20:36:00"
936,311040700,0,1155,154,33.9847,35.0113,286,283,0,"2013-07-01 20:32:00"
938,311040700,0,1158,153,33.9879,34.9981,286,283,0,"2013-07-01 20:36:00"
941,311040700,0,1163,152,33.9913,34.9844,286,283,0,"2013-07-01 20:39:00"
943,311040700,0,1165,151,33.993,34.9776,286,282,0,"2013-07-01 20:42:00"
945,311040700,0,1168,151,33.9943,34.9724,286,283,0,"2013-07-01 20:34:00"
947,311040700,0,1170,151,33.9955,34.9675,286,283,0,"2013-07-01 20:41:00"
949,311040700,0,1172,150,33.998,34.9574,286,283,0,"2013-07-01 20:37:00"
950,311040700,0,1173,149,33.9997,34.9507,286,282,0,"2013-07-01 20:37:00"
953,311040700,0,1176,148,34.0027,34.9388,286,283,0,"2013-07-01 20:42:00"
955,311040700,0,1178,150,34.0046,34.9301,285,283,0,"2013-07-01 20:31:00"
956,311040700,0,1180,151,34.0061,34.9238,285,283,0,"2013-07-01 20:38:00"
957,311040700,0,1181,151,34.0074,34.9179,284,283,0,"2013-07-01 20:40:00"
959,311040700,0,1185,152,34.0092,34.9096,284,283,0,"2013-07-01 19:56:00"
960,311040700,0,1186,152,34.0103,34.9043,284,283,0,"2013-07-01 19:56:00"
961,311040700,0,1187,152,34.0117,34.8983,284,283,0,"2013-07-01 20:35:00"
963,311040700,0,1190,152,34.0129,34.8929,284,283,0,"2013-07-01 20:38:00"
964,311040700,0,1191,152,34.0144,34.8856,284,283,0,"2013-07-01 20:41:00"
966,311040700,0,1193,152,34.0178,34.8697,284,283,0,"2013-07-01 20:35:00"
967,311040700,0,1194,153,34.0235,34.8425,283,283,0,"2013-07-01 20:33:00"
969,311040700,0,1196,153,34.025,34.8355,283,283,0,"2013-07-01 20:44:00"
971,311040700,0,1198,154,34.0305,34.8075,283,283,0,"2013-07-01 20:41:00"
974,311040700,0,1201,155,34.0336,34.7925,283,283,0,"2013-07-01 20:42:00"
975,311040700,0,1202,155,34.0347,34.7874,283,283,0,"2013-07-01 20:38:00"
977,311040700,0,1204,156,34.036,34.7809,283,283,0,"2013-07-01 20:42:00"
979,311040700,0,1206,157,34.0392,34.7653,284,283,0,"2013-07-01 20:37:00"
982,311040700,0,1209,157,34.0408,34.7575,283,282,0,"2013-07-01 20:41:00"
984,311040700,0,1212,157,34.0422,34.7509,283,283,0,"2013-07-01 20:36:00"
985,311040700,0,1213,156,34.0453,34.7352,283,283,0,"2013-07-01 20:34:00"
986,311040700,0,1214,156,34.0465,34.7291,283,282,0,"2013-07-01 20:37:00"
988,311040700,0,1217,156,34.0481,34.7215,283,283,0,"2013-07-01 20:38:00"
990,311040700,0,1219,156,34.0493,34.7155,284,283,0,"2013-07-01 20:38:00"
991,311040700,0,1221,155,34.0518,34.7034,283,282,0,"2013-07-01 20:37:00"
992,311040700,0,1222,155,34.053,34.6978,283,283,0,"2013-07-01 20:40:00"
993,311040700,0,1223,154,34.0543,34.6914,284,283,0,"2013-07-01 20:41:00"
995,311040700,0,1228,154,34.0555,34.6852,284,283,0,"2013-07-01 20:34:00"
997,311040700,0,1230,154,34.0567,34.6798,284,283,0,"2013-07-01 20:36:00"
998,311040700,0,1231,156,34.0594,34.6683,286,285,0,"2013-07-01 20:44:00"
999,311040700,0,1232,156,34.0609,34.6623,286,284,0,"2013-07-01 20:35:00"
1001,311040700,0,1234,156,34.0631,34.6532,286,285,0,"2013-07-01 20:37:00"
1003,311040700,0,1236,155,34.0644,34.6477,286,285,0,"2013-07-01 20:42:00"
1005,311040700,0,1239,155,34.0661,34.6413,286,284,0,"2013-07-01 20:43:00"
1006,311040700,0,1240,155,34.0675,34.6354,285,283,0,"2013-07-01 20:42:00"
1008,311040700,0,1242,156,34.0693,34.6273,285,284,0,"2013-07-01 20:37:00"
1009,311040700,0,1243,156,34.0719,34.6157,284,284,0,"2013-07-01 20:35:00"
1012,311040700,0,1248,156,34.0732,34.6097,284,284,0,"2013-07-01 20:31:00"
1014,311040700,0,1250,156,34.0746,34.6032,283,283,0,"2013-07-01 20:36:00"
1016,311040700,0,1253,156,34.0756,34.5976,283,284,0,"2013-07-01 20:36:00"
1017,311040700,0,1255,155,34.0766,34.5926,282,284,0,"2013-07-01 20:42:00"
1019,311040700,0,1257,154,34.0781,34.5849,283,284,0,"2013-07-01 20:42:00"
1021,311040700,0,1259,155,34.0792,34.5794,282,284,0,"2013-07-01 20:37:00"
1023,311040700,0,1261,156,34.0802,34.5743,282,284,0,"2013-07-01 20:37:00"
1024,311040700,0,1262,156,34.0816,34.5668,283,284,0,"2013-07-01 20:43:00"
1026,311040700,0,1264,156,34.0842,34.5535,283,284,0,"2013-07-01 20:34:00"
1028,311040700,0,1266,156,34.0868,34.5404,283,284,0,"2013-07-01 16:14:00"
1030,311040700,0,1268,156,34.0909,34.5201,283,284,0,"2013-07-01 20:42:00"
1032,311040700,0,1270,156,34.0928,34.5105,283,284,0,"2013-07-01 20:21:00"
1033,311040700,0,1271,156,34.0941,34.5043,283,283,0,"2013-07-01 20:37:00"
1034,311040700,0,1273,156,34.0952,34.4987,283,284,0,"2013-07-01 20:34:00"
1036,311040700,0,1275,156,34.0968,34.4911,283,283,0,"2013-07-01 20:42:00"
1037,311040700,0,1276,157,34.0983,34.4835,283,284,0,"2013-07-01 20:41:00"
1039,311040700,0,1281,157,34.0995,34.4779,283,284,0,"2013-07-01 20:44:00"
1041,311040700,0,1283,157,34.1008,34.4712,283,283,0,"2013-07-01 20:35:00"
1043,311040700,0,1285,157,34.1021,34.4651,283,283,0,"2013-07-01 20:39:00"
1044,311040700,0,1286,157,34.1034,34.4585,283,284,0,"2013-07-01 20:37:00"
1045,311040700,0,1287,157,34.1048,34.4519,283,284,0,"2013-07-01 20:33:00"
1047,311040700,0,1290,157,34.1058,34.4468,283,284,0,"2013-07-01 20:36:00"
1048,311040700,0,1291,157,34.1074,34.4392,283,283,0,"2013-07-01 20:37:00"
1049,311040700,0,1292,157,34.1086,34.4336,284,283,0,"2013-07-01 20:43:00"
1051,311040700,0,1294,157,34.111,34.4218,284,283,0,"2013-07-01 20:41:00"
1053,311040700,0,1296,158,34.1137,34.409,284,284,0,"2013-07-01 19:27:00"
1054,311040700,0,1297,158,34.1148,34.4035,284,284,0,"2013-07-01 20:42:00"
1056,311040700,0,1299,158,34.1161,34.3973,284,284,0,"2013-07-01 20:36:00"
1057,311040700,0,1300,158,34.1176,34.3907,284,284,0,"2013-07-01 20:42:00"
1059,311040700,0,1302,159,34.119,34.384,284,284,0,"2013-07-01 20:42:00"
1060,311040700,0,1303,159,34.1205,34.3772,284,283,0,"2013-07-01 20:30:00"
1061,311040700,0,1304,159,34.122,34.3705,284,284,0,"2013-07-01 17:48:00"
1063,311040700,0,1306,159,34.1276,34.3443,284,283,0,"2013-07-01 20:38:00"
1064,311040700,0,1310,159,34.1287,34.3391,284,284,0,"2013-07-01 19:07:00"
1065,311040700,0,1311,159,34.1298,34.334,284,283,0,"2013-07-01 20:36:00"
1067,311040700,0,1313,159,34.1312,34.3274,284,284,0,"2013-07-01 20:40:00"
1068,311040700,0,1314,158,34.1324,34.3216,284,284,0,"2013-07-01 20:36:00"
1070,311040700,0,1316,157,34.1337,34.3155,284,283,0,"2013-07-01 20:34:00"
1071,311040700,0,1317,156,34.1349,34.3099,284,283,0,"2013-07-01 20:41:00"
1072,311040700,0,1318,156,34.1362,34.3039,284,284,0,"2013-07-01 20:42:00"
1074,311040700,0,1320,155,34.1388,34.2918,284,284,0,"2013-07-01 20:41:00"
1076,311040700,0,1322,156,34.1416,34.2792,284,284,0,"2013-07-01 20:38:00"
1079,311040700,0,1325,152,34.1507,34.2368,284,284,0,"2013-07-01 20:42:00"
1080,311040700,0,1326,152,34.152,34.2304,284,283,0,"2013-07-01 18:33:00"
1082,311040700,0,1328,152,34.1534,34.2239,284,284,0,"2013-07-01 20:33:00"
1085,311040700,0,1331,153,34.1589,34.1987,284,284,0,"2013-07-01 20:29:00"
1086,311040700,0,1332,154,34.1616,34.1864,284,284,0,"2013-07-01 20:43:00"
1087,311040700,0,1333,154,34.1628,34.1808,284,284,0,"2013-07-01 20:35:00"
1088,311040700,0,1334,154,34.1641,34.1748,284,283,0,"2013-07-01 20:35:00"
1090,311040700,0,1336,154,34.1667,34.1628,285,284,0,"2013-07-01 20:40:00"
1091,311040700,0,1338,155,34.171,34.1437,284,284,0,"2013-07-01 20:42:00"
1094,311040700,0,1342,155,34.1739,34.1296,283,283,0,"2013-07-01 20:38:00"
1096,311040700,0,1344,155,34.1804,34.0984,283,283,0,"2013-07-01 20:41:00"
1097,311040700,0,1345,155,34.1816,34.0923,284,283,0,"2013-07-01 20:39:00"
1099,311040700,0,1347,155,34.184,34.0807,284,283,0,"2013-07-01 20:37:00"
1100,311040700,0,1348,155,34.1866,34.0686,284,283,0,"2013-07-01 20:08:00"
1101,311040700,0,1350,156,34.1882,34.0627,290,290,0,"2013-07-01 20:42:00"
1102,311040700,0,1351,154,34.19,34.0563,288,287,0,"2013-07-01 20:33:00"
1103,311040700,0,1352,154,34.1919,34.05,288,287,0,"2013-07-01 20:05:00"
1105,311040700,0,1354,154,34.1937,34.0436,288,288,0,"2013-07-01 20:37:00"
1106,311040700,0,1355,154,34.1952,34.0382,288,288,0,"2013-07-01 20:35:00"
1109,311040700,0,1358,154,34.1986,34.026,288,288,0,"2013-07-01 20:43:00"
1110,311040700,0,1360,154,34.2002,34.0202,288,287,0,"2013-07-01 20:42:00"
1112,311040700,0,1363,155,34.2016,34.0146,287,288,0,"2013-07-01 20:44:00"
1113,311040700,0,1364,157,34.2049,34.0023,287,288,0,"2013-07-01 20:39:00"
1115,311040700,0,1366,158,34.2091,33.986,286,288,0,"2013-07-01 20:41:00"
1117,311040700,0,1368,159,34.2108,33.9788,285,288,0,"2013-07-01 20:41:00"
1118,311040700,0,1369,158,34.2122,33.9732,286,288,0,"2013-07-01 20:40:00"
1119,311040700,0,1370,159,34.2135,33.9676,286,288,0,"2013-07-01 05:47:00"
1120,311040700,0,1371,159,34.2151,33.9615,286,288,0,"2013-07-01 20:43:00"
1121,311040700,0,1372,159,34.2165,33.9559,286,288,0,"2013-07-01 20:42:00"
1122,311040700,0,1374,159,34.2179,33.9503,287,288,0,"2013-07-01 20:41:00"
1125,311040700,0,1377,159,34.2209,33.9385,287,288,0,"2013-07-01 20:41:00"
1126,311040700,0,1378,159,34.2224,33.9329,287,288,0,"2013-07-01 20:36:00"
1128,311040700,0,1380,159,34.2253,33.9217,287,288,0,"2013-07-01 20:43:00"
1129,311040700,0,1381,159,34.2284,33.9101,287,288,0,"2013-07-01 20:39:00"
1130,311040700,0,1382,159,34.2299,33.9046,288,288,0,"2013-07-01 20:33:00"
1132,311040700,0,1384,158,34.2356,33.8817,286,288,0,"2013-07-01 20:43:00"
1133,311040700,0,1385,158,34.237,33.8761,286,288,0,"2013-07-01 20:35:00"
1135,311040700,0,1387,157,34.2385,33.87,286,288,0,"2013-07-01 20:33:00"
1136,311040700,0,1388,157,34.2399,33.8646,286,287,0,"2013-07-01 20:34:00"
1139,311040700,0,1391,156,34.2426,33.8534,285,287,0,"2013-07-01 20:35:00"
1140,311040700,0,1392,156,34.2439,33.8479,285,288,0,"2013-07-01 20:34:00"
1142,311040700,0,1394,156,34.2465,33.8368,286,288,0,"2013-07-01 20:34:00"
1144,311040700,0,1396,157,34.2478,33.8312,286,288,0,"2013-07-01 20:37:00"
1146,311040700,0,1398,158,34.2519,33.8145,286,287,0,"2013-07-01 20:33:00"
1149,311040700,0,1404,158,34.2549,33.8023,286,287,0,"2013-07-01 20:37:00"
1151,311040700,0,1406,159,34.2564,33.7962,286,288,0,"2013-07-01 20:38:00"
1152,311040700,0,1407,159,34.2578,33.7906,286,288,0,"2013-07-01 20:39:00"
1154,311040700,0,1411,158,34.2592,33.785,286,288,0,"2013-07-01 20:43:00"
1156,311040700,0,1414,159,34.2622,33.7733,287,288,0,"2013-07-01 20:37:00"
1157,311040700,0,1415,159,34.265,33.7621,287,288,0,"2013-07-01 20:40:00"
1159,311040700,0,1417,158,34.2692,33.7458,287,288,0,"2013-07-01 20:27:00"
1161,311040700,0,1419,158,34.2706,33.7402,286,287,0,"2013-07-01 20:39:00"
1162,311040700,0,1420,158,34.2736,33.7285,286,288,0,"2013-07-01 20:23:00"
1163,311040700,0,1421,158,34.275,33.7229,287,288,0,"2013-07-01 20:39:00"
1165,311040700,0,1423,158,34.2764,33.7174,287,288,0,"2013-07-01 20:33:00"
1167,311040700,0,1425,158,34.2793,33.7063,287,288,0,"2013-07-01 20:33:00"
1168,311040700,0,1426,158,34.2806,33.7013,287,288,0,"2013-07-01 20:35:00"
1169,311040700,0,1427,156,34.2821,33.6951,286,288,0,"2013-07-01 20:33:00"
1170,311040700,0,1429,153,34.2834,33.6897,286,288,0,"2013-07-01 20:33:00"
1172,311040700,0,1431,152,34.2863,33.6779,286,288,0,"2013-07-01 20:37:00"
1174,311040700,0,1433,151,34.2878,33.6722,287,288,0,"2013-07-01 20:42:00"
1176,311040700,0,1436,151,34.2892,33.6668,287,288,0,"2013-07-01 20:34:00"
1177,311040700,0,1437,151,34.2906,33.6615,287,288,0,"2013-07-01 19:16:00"
1179,311040700,0,1439,151,34.2937,33.65,288,287,0,"2013-07-01 20:43:00"
1181,311040700,0,1441,152,34.2969,33.6383,288,287,0,"2013-07-01 20:39:00"
1182,311040700,0,1442,153,34.2982,33.6334,288,288,0,"2013-07-01 18:58:00"
1184,311040700,0,1444,153,34.2997,33.6281,288,288,0,"2013-07-01 20:21:00"
1186,311040700,0,1447,154,34.3011,33.6231,288,288,0,"2013-07-01 20:35:00"
1189,311040700,0,1450,155,34.3089,33.5955,288,288,0,"2013-07-01 20:25:00"
1190,311040700,0,1451,154,34.3105,33.5896,287,287,0,"2013-07-01 20:42:00"
1192,311040700,0,1454,152,34.3134,33.5789,287,287,0,"2013-07-01 20:27:00"
1193,311040700,0,1456,152,34.3148,33.5735,287,288,0,"2013-07-01 20:37:00"
1195,311040700,0,1458,150,34.319,33.5571,287,288,0,"2013-07-01 20:35:00"
1196,311040700,0,1459,149,34.3204,33.5519,286,288,0,"2013-07-01 20:36:00"
1198,311040700,0,1462,148,34.3217,33.5466,286,288,0,"2013-07-01 20:07:00"
1199,311040700,0,1463,147,34.3245,33.5352,286,288,0,"2013-07-01 20:25:00"
1201,311040700,0,1466,147,34.3257,33.5299,286,288,0,"2013-07-01 20:36:00"
1204,311040700,0,1469,150,34.3296,33.514,286,288,0,"2013-07-01 20:31:00"
1205,311040700,0,1470,151,34.331,33.5082,286,288,0,"2013-07-01 20:37:00"
1207,311040700,0,1472,151,34.3323,33.5029,286,288,0,"2013-07-01 20:38:00"
1208,311040700,0,1474,152,34.3335,33.498,286,288,0,"2013-07-01 20:42:00"
1210,311040700,0,1476,152,34.3361,33.4873,286,288,0,"2013-07-01 19:07:00"
1211,311040700,0,1477,152,34.3374,33.4818,286,287,0,"2013-07-01 20:43:00"
1212,311040700,0,1478,153,34.3388,33.4764,286,288,0,"2013-07-01 20:41:00"
1214,311040700,0,1480,153,34.3402,33.471,286,287,0,"2013-07-01 20:43:00"
1215,311040700,0,1481,153,34.3416,33.4651,286,288,0,"2013-07-01 20:39:00"
1216,311040700,0,1482,154,34.3431,33.4591,286,288,0,"2013-07-01 20:43:00"
1219,311040700,0,1486,154,34.3445,33.4537,287,288,0,"2013-07-01 19:47:00"
1220,311040700,0,1487,154,34.3476,33.4413,287,288,0,"2013-07-01 18:42:00"
1221,311040700,0,1488,154,34.3493,33.4348,287,288,0,"2013-07-01 19:51:00"
1223,311040700,0,1490,155,34.3508,33.4289,287,288,0,"2013-07-01 20:38:00"
1224,311040700,0,1492,155,34.3522,33.4234,287,288,0,"2013-07-01 20:39:00"
1226,311040700,0,1494,156,34.3554,33.4109,287,288,0,"2013-07-01 20:43:00"
1227,311040700,0,1495,156,34.3571,33.4044,287,288,0,"2013-07-01 20:35:00"
1229,311040700,0,1498,156,34.3605,33.3914,287,287,0,"2013-07-01 20:33:00"
1230,311040700,0,1499,156,34.3621,33.3854,287,287,0,"2013-07-01 20:06:00"
1231,311040700,0,1500,157,34.3638,33.3789,287,288,0,"2013-07-01 20:21:00"
1233,311040700,0,1502,157,34.3669,33.3674,288,287,0,"2013-07-01 20:33:00"
1234,311040700,0,1503,157,34.3685,33.3614,287,287,0,"2013-07-01 20:36:00"
1236,311040700,0,1505,158,34.3701,33.3558,288,288,0,"2013-07-01 20:43:00"
1237,311040700,0,1506,158,34.3716,33.3503,288,288,0,"2013-07-01 20:30:00"
1239,311040700,0,1508,158,34.3732,33.3442,288,288,0,"2013-07-01 20:12:00"
1241,311040700,0,1510,158,34.3779,33.3271,288,288,0,"2013-07-01 20:36:00"
1242,311040700,0,1511,158,34.3798,33.3207,288,288,0,"2013-07-01 20:33:00"
1244,311040700,0,1514,158,34.3815,33.3146,288,287,0,"2013-07-01 20:40:00"
1245,311040700,0,1515,159,34.3831,33.309,289,288,0,"2013-07-01 20:25:00"
1247,311040700,0,1517,159,34.3864,33.2975,289,288,0,"2013-07-01 20:42:00"
1249,311040700,0,1519,159,34.3879,33.2923,289,288,0,"2013-07-01 20:16:00"
1251,311040700,0,1521,160,34.3915,33.2796,289,287,0,"2013-07-01 19:39:00"
1252,311040700,0,1522,160,34.3933,33.2735,289,287,0,"2013-07-01 20:43:00"
1253,311040700,0,1523,161,34.395,33.2674,289,288,0,"2013-07-01 20:35:00"
1254,311040700,0,1524,161,34.3968,33.2613,289,288,0,"2013-07-01 20:37:00"
1255,311040700,0,1525,160,34.3984,33.2557,288,287,0,"2013-07-01 20:26:00"
1257,311040700,0,1528,160,34.4,33.2501,289,287,0,"2013-07-01 20:30:00"
1258,311040700,0,1530,160,34.4032,33.239,289,288,0,"2013-07-01 20:35:00"
1260,311040700,0,1532,161,34.4046,33.2339,289,288,0,"2013-07-01 20:29:00"
1262,311040700,0,1534,161,34.4063,33.2281,289,288,0,"2013-07-01 19:58:00"
1263,311040700,0,1535,162,34.4095,33.2168,289,288,0,"2013-07-01 20:27:00"
1267,311040700,0,1539,162,34.4147,33.1989,289,288,0,"2013-07-01 20:37:00"
1270,311040700,0,1542,163,34.4181,33.1871,289,288,0,"2013-07-01 20:37:00"
1272,311040700,0,1544,163,34.4196,33.1818,289,288,0,"2013-07-01 20:41:00"
1274,311040700,0,1546,163,34.4215,33.1757,289,287,0,"2013-07-01 19:37:00"
1275,311040700,0,1547,163,34.4231,33.1701,290,288,0,"2013-07-01 20:41:00"
1276,311040700,0,1548,162,34.4249,33.1644,289,287,0,"2013-07-01 20:40:00"
1277,311040700,0,1550,162,34.4265,33.1588,290,288,0,"2013-07-01 20:33:00"
1278,311040700,0,1551,163,34.4283,33.1531,290,288,0,"2013-07-01 20:36:00"
1279,311040700,0,1552,163,34.43,33.1475,290,288,0,"2013-07-01 19:02:00"
1281,311040700,0,1554,163,34.4318,33.1419,290,287,0,"2013-07-01 19:10:00"
1283,311040700,0,1556,163,34.4335,33.1363,290,288,0,"2013-07-01 20:43:00"
1284,311040700,0,1557,164,34.4373,33.1245,290,288,0,"2013-07-01 20:35:00"
1285,311040700,0,1558,164,34.4427,33.1075,291,288,0,"2013-07-01 20:42:00"
1287,311040700,0,1560,164,34.4445,33.1018,291,288,0,"2013-07-01 20:38:00"
1289,311040700,0,1562,164,34.4463,33.0961,290,287,0,"2013-07-01 20:41:00"
1291,311040700,0,1564,164,34.448,33.0905,290,287,0,"2013-07-01 20:35:00"
1292,311040700,0,1565,164,34.4499,33.0843,290,287,0,"2013-07-01 20:37:00"
1293,311040700,0,1566,164,34.4516,33.0785,289,287,0,"2013-07-01 20:34:00"
1294,311040700,0,1567,163,34.4534,33.0724,289,288,0,"2013-07-01 20:33:00"
1296,311040700,0,1569,163,34.4569,33.061,290,288,0,"2013-07-01 20:37:00"
1297,311040700,0,1570,162,34.4585,33.0559,290,288,0,"2013-07-01 20:40:00"
1299,311040700,0,1572,160,34.4654,33.033,290,289,0,"2013-07-01 20:36:00"
1301,311040700,0,1575,160,34.4672,33.0275,290,290,0,"2013-07-01 20:34:00"
1304,311040700,0,1579,157,34.4707,33.016,290,290,0,"2013-07-01 20:39:00"
1305,311040700,0,1580,156,34.4723,33.0106,290,289,0,"2013-07-01 20:36:00"
1306,311040700,0,1581,155,34.474,33.0052,290,290,0,"2013-07-01 20:37:00"
1309,311040700,0,1585,154,34.4789,32.9891,290,289,0,"2013-07-01 20:37:00"
1311,311040700,0,1587,154,34.4805,32.9838,290,290,0,"2013-07-01 20:39:00"
1313,311040700,0,1590,154,34.4822,32.9784,290,290,0,"2013-07-01 20:39:00"
1314,311040700,0,1591,154,34.4858,32.9667,290,289,0,"2013-07-01 20:35:00"
1316,311040700,0,1593,156,34.4895,32.9551,290,290,0,"2013-07-01 20:42:00"
1317,311040700,0,1594,156,34.4929,32.9443,290,289,0,"2013-07-01 20:44:00"
1318,311040700,0,1595,156,34.4965,32.9325,290,290,0,"2013-07-01 20:43:00"
1319,311040700,0,1596,156,34.5,32.9212,290,290,0,"2013-07-01 20:43:00"
1321,311040700,0,1598,155,34.5017,32.9159,290,290,0,"2013-07-01 20:35:00"
1322,311040700,0,1599,155,34.5035,32.91,290,290,0,"2013-07-01 20:44:00"
1323,311040700,0,1600,155,34.5052,32.9047,291,290,0,"2013-07-01 20:42:00"
1325,311040700,0,1602,156,34.5107,32.8877,290,290,0,"2013-07-01 20:43:00"
1326,311040700,0,1604,156,34.5138,32.8768,287,287,0,"2013-07-01 20:43:00"
1327,311040700,0,1606,157,34.5153,32.8713,287,286,0,"2013-07-01 20:34:00"
1328,311040700,0,1607,158,34.5168,32.8653,287,287,0,"2013-07-01 20:38:00"
1329,311040700,0,1608,158,34.5183,32.8597,287,287,0,"2013-07-01 20:36:00"
1331,311040700,0,1610,159,34.5199,32.8536,287,287,0,"2013-07-01 20:13:00"
1332,311040700,0,1611,159,34.5214,32.8481,287,287,0,"2013-07-01 20:38:00"
1333,311040700,0,1612,159,34.5229,32.8424,287,287,0,"2013-07-01 20:39:00"
1334,311040700,0,1613,159,34.5244,32.8368,287,287,0,"2013-07-01 20:27:00"
1335,311040700,0,1615,160,34.5274,32.825,287,287,0,"2013-07-01 20:37:00"
1336,311040700,0,1616,160,34.5289,32.8193,287,287,0,"2013-07-01 20:37:00"
1337,311040700,0,1617,160,34.5303,32.8136,287,287,0,"2013-07-01 20:42:00"
1339,311040700,0,1620,160,34.5316,32.8085,286,287,0,"2013-07-01 20:42:00"
1340,311040700,0,1621,160,34.5332,32.8024,286,286,0,"2013-07-01 20:09:00"
1341,311040700,0,1622,159,34.5345,32.7966,284,284,0,"2013-07-01 20:38:00"
1343,311040700,0,1625,159,34.5358,32.7909,285,285,0,"2013-07-01 20:32:00"
1344,311040700,0,1626,159,34.5371,32.7847,284,285,0,"2013-07-01 20:26:00"
1346,311040700,0,1629,157,34.542,32.761,284,285,0,"2013-07-01 18:52:00"
1349,311040700,0,1633,157,34.5433,32.7549,284,285,0,"2013-07-01 20:39:00"
1351,311040700,0,1636,157,34.5445,32.7493,284,285,0,"2013-07-01 20:39:00"
1352,311040700,0,1638,157,34.5467,32.7384,284,284,0,"2013-07-01 20:33:00"
1354,311040700,0,1640,157,34.548,32.7323,283,284,0,"2013-07-01 20:35:00"
1355,311040700,0,1641,156,34.549,32.7272,283,285,0,"2013-07-01 20:35:00"
1358,311040700,0,1644,153,34.5528,32.7081,284,285,0,"2013-07-01 19:37:00"
1360,311040700,0,1646,153,34.554,32.7025,284,285,0,"2013-07-01 20:34:00"
1363,311040700,0,1649,153,34.5586,32.6805,283,285,0,"2013-07-01 20:43:00"
1366,311040700,0,1653,153,34.561,32.669,284,285,0,"2013-07-01 20:41:00"
1368,311040700,0,1655,153,34.5621,32.6635,284,285,0,"2013-07-01 19:17:00"
1369,311040700,0,1656,153,34.5634,32.6575,284,285,0,"2013-07-01 18:42:00"
1370,311040700,0,1657,153,34.5645,32.652,284,285,0,"2013-07-01 17:59:00"
1371,311040700,0,1658,153,34.5658,32.646,282,282,0,"2013-07-01 20:40:00"
1373,311040700,0,1662,153,34.5667,32.6405,282,283,0,"2013-07-01 20:38:00"
1374,311040700,0,1664,153,34.5678,32.635,282,282,0,"2013-07-01 20:42:00"
1376,311040700,0,1666,153,34.5688,32.6294,283,283,0,"2013-07-01 20:40:00"
1378,311040700,0,1669,153,34.5698,32.6244,283,282,0,"2013-07-01 20:13:00"
1379,311040700,0,1670,154,34.5709,32.6189,283,282,0,"2013-07-01 20:41:00"
1381,311040700,0,1672,155,34.5741,32.6026,283,282,0,"2013-07-01 20:39:00"
1383,311040700,0,1677,156,34.5766,32.59,283,282,0,"2013-07-01 20:33:00"
1385,311040700,0,1679,156,34.5777,32.5848,283,282,0,"2013-07-01 20:40:00"
1387,311040700,0,1682,156,34.5801,32.5725,283,283,0,"2013-07-01 20:38:00"
1388,311040700,0,1683,157,34.5825,32.5608,284,283,0,"2013-07-01 20:41:00"
1390,311040700,0,1685,157,34.5837,32.5551,284,283,0,"2013-07-01 20:44:00"
1391,311040700,0,1686,157,34.585,32.549,284,282,0,"2013-07-01 20:41:00"
1392,311040700,0,1687,158,34.5863,32.5428,284,283,0,"2013-07-01 18:55:00"
1394,311040700,0,1690,158,34.5875,32.5371,284,283,0,"2013-07-01 20:42:00"
1395,311040700,0,1692,158,34.5887,32.5314,284,282,0,"2013-07-01 20:37:00"
1397,311040700,0,1694,158,34.5899,32.5258,283,282,0,"2013-07-01 20:43:00"
1398,311040700,0,1695,158,34.5911,32.5201,284,283,0,"2013-07-01 18:09:00"
1400,311040700,0,1697,158,34.5936,32.5083,284,283,0,"2013-07-01 20:39:00"
1401,311040700,0,1698,158,34.5948,32.5025,284,282,0,"2013-07-01 20:42:00"
1403,311040700,0,1700,159,34.5973,32.4912,284,283,0,"2013-07-01 20:43:00"
1404,311040700,0,1701,159,34.5985,32.4855,284,283,0,"2013-07-01 20:35:00"
1405,311040700,0,1702,160,34.5997,32.4798,284,283,0,"2013-07-01 20:44:00"
1406,311040700,0,1703,160,34.6037,32.4621,285,283,0,"2013-07-01 20:36:00"
1407,311040700,0,1704,160,34.6048,32.4569,285,283,0,"2013-07-01 20:44:00"
1408,311040700,0,1705,161,34.606,32.4516,285,283,0,"2013-07-01 20:43:00"
1409,311040700,0,1706,161,34.6072,32.4464,285,283,0,"2013-07-01 20:38:00"
1410,311040700,0,1707,161,34.6085,32.4406,285,283,0,"2013-07-01 20:39:00"
1411,311040700,0,1708,161,34.61,32.4343,285,283,0,"2013-07-01 20:44:00"
1412,311040700,0,1709,162,34.6114,32.4281,285,283,0,"2013-07-01 20:14:00"
1413,311040700,0,1710,163,34.6141,32.4164,285,283,0,"2013-07-01 20:19:00"
1414,311040700,0,1711,163,34.6154,32.4106,285,282,0,"2013-07-01 20:39:00"
1415,311040700,0,1712,163,34.6168,32.4048,285,282,0,"2013-07-01 20:40:00"
1416,311040700,0,1713,163,34.6196,32.3928,285,283,0,"2013-07-01 20:43:00"
1417,311040700,0,1715,164,34.621,32.3869,286,283,0,"2013-07-01 19:33:00"
1418,311040700,0,1716,164,34.6224,32.3811,286,283,0,"2013-07-01 20:35:00"
1419,311040700,0,1717,164,34.6238,32.3753,286,283,0,"2013-07-01 18:37:00"
1420,311040700,0,1718,165,34.6282,32.357,286,282,0,"2013-07-01 20:40:00"
1421,311040700,0,1719,166,34.6297,32.3507,286,282,0,"2013-07-01 20:34:00"
1422,311040700,0,1720,166,34.6325,32.3388,286,282,0,"2013-07-01 20:35:00"
1423,311040700,0,1721,166,34.6352,32.3275,286,283,0,"2013-07-01 20:31:00"
1424,311040700,0,1722,166,34.6366,32.3216,285,283,0,"2013-07-01 20:42:00"
1425,311040700,0,1723,165,34.6379,32.3156,283,282,0,"2013-07-01 20:44:00"
1426,311040700,0,1724,163,34.6391,32.3097,284,283,0,"2013-07-01 20:37:00"
1427,311040700,0,1725,160,34.6415,32.2981,283,283,0,"2013-07-01 20:36:00"
1428,311040700,0,1726,160,34.6427,32.2923,283,282,0,"2013-07-01 20:41:00"
1429,311040700,0,1727,157,34.6889,32.0548,283,282,0,"2013-07-01 20:41:00"
1430,311040700,0,1728,160,34.6439,32.2861,283,283,0,"2013-07-01 20:36:00"
1431,311040700,0,1729,160,34.6451,32.2803,283,283,0,"2013-07-01 20:40:00"
1432,311040700,0,1730,160,34.6463,32.2741,283,282,0,"2013-07-01 20:41:00"
1433,311040700,0,1731,160,34.6475,32.2682,283,282,0,"2013-07-01 20:36:00"
1434,311040700,0,1732,159,34.6497,32.2568,283,283,0,"2013-07-01 20:34:00"
1435,311040700,0,1734,158,34.6509,32.251,283,282,0,"2013-07-01 20:37:00"
1436,311040700,0,1735,158,34.6531,32.2402,284,283,0,"2013-07-01 20:35:00"
1437,311040700,0,1736,158,34.6553,32.2299,284,282,0,"2013-07-01 20:36:00"
1438,311040700,0,1737,159,34.6564,32.2246,284,283,0,"2013-07-01 20:42:00"
1439,311040700,0,1738,159,34.6575,32.2194,284,282,0,"2013-07-01 20:38:00"
1440,311040700,0,1739,160,34.6587,32.2137,283,283,0,"2013-07-01 20:44:00"
1441,311040700,0,1740,160,34.6601,32.2069,283,283,0,"2013-07-01 18:02:00"
1442,311040700,0,1741,160,34.6613,32.2006,283,283,0,"2013-07-01 20:42:00"
1443,311040700,0,1742,160,34.6636,32.1885,282,282,0,"2013-07-01 20:35:00"
1444,311040700,0,1743,159,34.6658,32.1765,282,283,0,"2013-07-01 20:42:00"
1445,311040700,0,1744,158,34.6669,32.1707,282,282,0,"2013-07-01 16:43:00"
1446,311040700,0,1745,158,34.6679,32.165,282,283,0,"2013-07-01 20:42:00"
1447,311040700,0,1746,157,34.669,32.1587,282,283,0,"2013-07-01 20:41:00"
1448,311040700,0,1747,157,34.6701,32.153,282,283,0,"2013-07-01 20:42:00"
1449,311040700,0,1748,157,34.6744,32.1298,283,283,0,"2013-07-01 20:43:00"
1450,311040700,0,1749,157,34.6754,32.1247,282,282,0,"2013-07-01 20:35:00"
1451,311040700,0,1752,157,34.6767,32.118,282,282,0,"2013-07-01 20:42:00"
1452,311040700,0,1755,157,34.6788,32.1067,283,282,0,"2013-07-01 20:37:00"
1453,311040700,0,1756,156,34.6822,32.0892,283,282,0,"2013-07-01 19:23:00"
1454,311040700,0,1757,157,34.6834,32.0831,283,283,0,"2013-07-01 20:39:00"
1455,311040700,0,1758,157,34.6865,32.0667,283,283,0,"2013-07-01 20:35:00"
1456,311040700,0,1759,157,34.6877,32.061,283,283,0,"2013-07-01 20:41:00"
1457,311040700,0,1760,157,34.6902,32.0481,283,282,0,"2013-07-01 20:37:00"
1458,311040700,0,1761,157,34.6913,32.042,283,283,0,"2013-07-01 20:38:00"
1459,311040700,0,1762,157,34.6935,32.0312,283,282,0,"2013-07-01 17:52:00"
1460,311040700,0,1763,157,34.6949,32.024,283,282,0,"2013-07-01 20:34:00"
1461,311040700,0,1764,157,34.696,32.0183,283,283,0,"2013-07-01 20:44:00"
1462,311040700,0,1766,157,34.6972,32.0122,283,283,0,"2013-07-01 20:34:00"
1463,311040700,0,1767,157,34.6982,32.0071,283,283,0,"2013-07-01 20:41:00"
1464,311040700,0,1769,157,34.6994,32.0008,283,283,0,"2013-07-01 19:58:00"
1465,311040700,0,1770,157,34.7024,31.9859,283,283,0,"2013-07-01 20:44:00"
1466,311040700,0,1771,157,34.7035,31.9802,283,283,0,"2013-07-01 20:43:00"
1467,311040700,0,1772,158,34.7046,31.9745,283,283,0,"2013-07-01 20:43:00"
1468,311040700,0,1773,158,34.7058,31.9688,283,283,0,"2013-07-01 20:38:00"
1469,311040700,0,1774,158,34.7069,31.9632,283,283,0,"2013-07-01 20:42:00"
1470,311040700,0,1775,158,34.7081,31.957,283,282,0,"2013-07-01 20:35:00"
1471,311040700,0,1776,158,34.7104,31.9451,283,283,0,"2013-07-01 20:30:00"
1472,311040700,0,1777,158,34.7116,31.9388,283,282,0,"2013-07-01 06:40:00"
1473,311040700,0,1778,158,34.7127,31.9331,283,283,0,"2013-07-01 12:45:00"
1474,311040700,0,1779,158,34.7137,31.9279,283,283,0,"2013-07-01 20:37:00"
1475,311040700,0,1781,158,34.7148,31.9218,282,283,0,"2013-07-01 20:39:00"
1476,311040700,0,1782,158,34.7158,31.9166,283,283,0,"2013-07-01 20:43:00"
1477,311040700,0,1783,158,34.7172,31.9099,283,283,0,"2013-07-01 20:36:00"
1478,311040700,0,1784,158,34.7206,31.8922,283,283,0,"2013-07-01 20:35:00"
1479,311040700,0,1786,158,34.7218,31.886,283,283,0,"2013-07-01 20:35:00"
1480,311040700,0,1787,158,34.7242,31.8741,283,283,0,"2013-07-01 18:13:00"
1481,311040700,0,1788,158,34.7253,31.8684,283,283,0,"2013-07-01 20:40:00"
1482,311040700,0,1790,158,34.7276,31.857,283,283,0,"2013-07-01 18:21:00"
1483,311040700,0,1791,158,34.7288,31.8508,283,283,0,"2013-07-01 20:36:00"
1484,311040700,0,1792,159,34.7299,31.845,283,283,0,"2013-07-01 20:34:00"
1485,311040700,0,1793,159,34.7311,31.8393,283,283,0,"2013-07-01 20:41:00"
1486,311040700,0,1794,159,34.7323,31.833,283,283,0,"2013-07-01 20:40:00"
1487,311040700,0,1795,158,34.7335,31.8273,283,282,0,"2013-07-01 20:41:00"
1488,311040700,0,1798,158,34.7356,31.8158,282,283,0,"2013-07-01 20:34:00"
1489,311040700,0,1799,158,34.7368,31.8096,282,283,0,"2013-07-01 20:31:00"
1490,311040700,0,1800,158,34.7391,31.7976,282,283,0,"2013-07-01 20:41:00"
1491,311040700,0,1801,158,34.74,31.7924,282,283,0,"2013-07-01 20:33:00"
1492,311040700,0,1802,158,34.741,31.7867,282,283,0,"2013-07-01 20:32:00"
1493,311040700,0,1807,158,34.7444,31.7685,284,285,0,"2013-07-01 20:38:00"
1494,311040700,0,1808,158,34.7421,31.7804,282,283,0,"2013-07-01 20:37:00"
1495,311040700,0,1811,158,34.7433,31.7743,282,282,0,"2013-07-01 20:35:00"
1496,311040700,0,1812,157,34.7469,31.7567,284,285,0,"2013-07-01 20:44:00"
1497,311040700,0,1813,157,34.7505,31.7402,284,285,0,"2013-07-01 20:35:00"
1498,311040700,0,1815,157,34.7518,31.7342,284,285,0,"2013-07-01 20:40:00"
1499,311040700,0,1816,157,34.7529,31.7285,284,285,0,"2013-07-01 19:49:00"
1500,311040700,0,1817,156,34.7541,31.7228,283,285,0,"2013-07-01 20:42:00"
1501,311040700,0,1818,156,34.7553,31.7172,284,286,0,"2013-07-01 20:25:00"
1502,311040700,0,1819,156,34.7566,31.7111,284,286,0,"2013-07-01 20:43:00"
1503,311040700,0,1820,156,34.7591,31.6999,284,286,0,"2013-07-01 07:18:00"
1506,311040700,0,1823,156,34.7604,31.6938,284,285,0,"2013-07-01 20:42:00"
1507,311040700,0,1824,157,34.7618,31.6877,285,286,0,"2013-07-01 19:57:00"
1508,311040700,0,1825,157,34.763,31.6821,285,286,0,"2013-07-01 20:21:00"
1509,311040700,0,1826,157,34.7643,31.6764,285,285,0,"2013-07-01 20:35:00"
1511,311040700,0,1828,158,34.7684,31.6586,285,285,0,"2013-07-01 18:19:00"
1513,311040700,0,1830,158,34.7698,31.6528,285,286,0,"2013-07-01 20:31:00"
1514,311040700,0,1831,158,34.7725,31.641,286,286,0,"2013-07-01 20:38:00"
1515,311040700,0,1832,158,34.7739,31.6354,286,285,0,"2013-07-01 20:36:00"
1516,311040700,0,1833,158,34.7767,31.6236,286,285,0,"2013-07-01 17:48:00"
1517,311040700,0,1834,158,34.7781,31.6181,286,286,0,"2013-07-01 20:39:00"
1518,311040700,0,1837,158,34.7795,31.6124,286,286,0,"2013-07-01 19:59:00"
1519,311040700,0,1838,158,34.7808,31.6067,286,286,0,"2013-07-01 20:35:00"
1520,311040700,0,1839,158,34.7823,31.6006,286,286,0,"2013-07-01 20:44:00"
1521,311040700,0,1840,158,34.7837,31.595,286,286,0,"2013-07-01 18:45:00"
1522,311040700,0,1843,158,34.7853,31.5888,287,286,0,"2013-07-01 20:38:00"
1523,311040700,0,1844,158,34.7868,31.5828,287,286,0,"2013-07-01 18:36:00"
1524,311040700,0,1846,158,34.7881,31.5777,287,285,0,"2013-07-01 20:39:00"
1525,311040700,0,1847,158,34.7942,31.5542,287,285,0,"2013-07-01 20:37:00"
1526,311040700,0,1848,159,34.7979,31.5404,287,286,0,"2013-07-01 19:59:00"
1527,311040700,0,1849,159,34.7996,31.5338,287,285,0,"2013-07-01 20:41:00"
1528,311040700,0,1850,160,34.8013,31.5276,287,285,0,"2013-07-01 20:39:00"
1529,311040700,0,1851,160,34.8028,31.5215,287,286,0,"2013-07-01 20:41:00"
1530,311040700,0,1853,161,34.8043,31.5158,287,285,0,"2013-07-01 20:27:00"
1531,311040700,0,1854,161,34.806,31.5089,287,286,0,"2013-07-01 20:36:00"
1532,311040700,0,1855,161,34.8078,31.5016,287,286,0,"2013-07-01 20:43:00"
1533,311040700,0,1856,161,34.8115,31.4871,287,286,0,"2013-07-01 20:38:00"
1534,311040700,0,1857,161,34.8133,31.4802,287,286,0,"2013-07-01 20:41:00"
1535,311040700,0,1858,160,34.8165,31.4678,287,286,0,"2013-07-01 20:35:00"
1536,311040700,0,1859,161,34.8217,31.4476,287,285,0,"2013-07-01 20:34:00"
1538,311040700,0,1861,161,34.8234,31.4414,288,286,0,"2013-07-01 20:44:00"
1540,311040700,0,1864,160,34.8247,31.4362,288,286,0,"2013-07-01 20:36:00"
1541,311040700,0,1865,160,34.828,31.4238,287,285,0,"2013-07-01 20:42:00"
1549,311040700,0,1879,197,33.5578,34.6411,55,56,0,"2013-07-01 20:34:00"
1550,311040700,0,1881,197,33.6262,34.7629,57,57,0,"2013-07-01 20:21:00"
1551,311040700,0,1882,197,33.63,34.7699,56,57,0,"2013-07-01 20:02:00"
1552,311040700,0,1883,197,33.6413,34.7908,57,57,0,"2013-07-01 20:37:00"
1553,311040700,0,1884,198,33.6503,34.8074,56,57,0,"2013-07-01 20:08:00"
1554,311040700,0,1885,198,33.6599,34.8252,57,57,0,"2013-07-01 20:36:00"
1555,311040700,0,1886,198,33.6632,34.8313,57,57,0,"2013-07-01 20:34:00"
1556,311040700,0,1887,198,33.6664,34.8375,57,57,0,"2013-07-01 20:40:00"
1557,311040700,0,1888,198,33.6712,34.8463,56,55,0,"2013-07-01 20:33:00"
1558,311040700,0,1890,199,33.6783,34.8589,55,55,0,"2013-07-01 20:44:00"
1559,311040700,0,1891,199,33.6959,34.8895,55,54,0,"2013-07-01 18:44:00"
1560,311040700,0,1892,199,33.7037,34.9032,55,54,0,"2013-07-01 20:37:00"
1561,311040700,0,1893,199,33.72,34.9318,55,54,0,"2013-07-01 20:35:00"
1562,311040700,0,1894,199,33.7237,34.9383,55,54,0,"2013-07-01 20:44:00"
1563,311040700,0,1895,199,33.7281,34.9459,55,55,0,"2013-07-01 20:42:00"
1564,311040700,0,1897,180,33.7814,35.0405,56,55,0,"2013-07-01 20:44:00"
1565,311040700,0,1898,178,33.7943,35.0639,56,55,0,"2013-07-01 20:42:00"
1566,311040700,0,1899,178,33.7979,35.0703,56,55,0,"2013-07-01 20:21:00"
1567,311040700,0,1901,177,33.8225,35.1141,55,54,0,"2013-07-01 20:36:00"
1568,311040700,0,1902,176,33.8318,35.1307,55,54,0,"2013-07-01 04:25:00"
1569,311040700,0,1904,175,33.8517,35.1651,55,55,0,"2013-07-01 20:42:00"
1570,311040700,0,1907,175,33.855,35.1709,55,54,0,"2013-07-01 20:43:00"
1571,311040700,0,1908,175,33.905,35.2275,36,35,0,"2013-07-01 19:31:00"
1572,311040700,0,1909,176,33.9104,35.2343,55,57,0,"2013-07-01 20:43:00"
1573,311040700,0,1910,170,33.9173,35.2742,86,86,0,"2013-07-01 20:40:00"
1574,311040700,0,1911,163,33.9184,35.2947,86,85,0,"2013-07-01 20:43:00"
1575,311040700,0,1913,146,33.92,35.3312,88,87,0,"2013-07-01 20:43:00"
1576,311040700,0,1914,126,33.9203,35.3465,88,88,0,"2013-07-01 20:39:00"
1577,311040700,0,1915,97,33.9209,35.3806,88,87,0,"2013-07-01 20:35:00"
1579,311040700,0,1917,97,33.921,35.3845,88,88,0,"2013-07-01 20:44:00"
1580,311040700,0,1918,96,33.9211,35.3889,88,88,0,"2013-07-01 20:42:00"
1581,311040700,0,1919,96,33.9212,35.4006,89,88,0,"2013-07-01 19:49:00"
1582,311040700,0,1920,96,33.9212,35.4044,89,87,0,"2013-07-01 20:42:00"
1583,311040700,0,1921,96,33.9213,35.4086,88,87,0,"2013-07-01 20:43:00"
1584,311040700,0,1922,96,33.9214,35.4129,89,88,0,"2013-07-01 20:36:00"
1585,311040700,0,1924,95,33.9214,35.4214,89,88,0,"2013-07-01 20:44:00"
1586,311040700,0,1925,95,33.9215,35.4251,89,88,0,"2013-07-01 20:42:00"
1587,311040700,0,1926,95,33.9215,35.4289,89,88,0,"2013-07-01 20:38:00"
1588,311040700,0,1927,94,33.9216,35.4526,89,88,0,"2013-07-01 20:36:00"
1589,311040700,0,1928,94,33.9216,35.4573,89,88,0,"2013-07-01 20:44:00"
1590,311040700,0,1929,94,33.9216,35.4611,90,88,0,"2013-07-01 20:33:00"
1591,311040700,0,1930,93,33.9217,35.469,86,85,0,"2013-07-01 20:37:00"
1593,311040700,0,1932,83,33.9225,35.4832,83,84,0,"2013-07-01 20:43:00"
1594,311040700,0,1935,79,33.9245,35.4965,79,80,0,"2013-07-01 20:41:00"
1595,311040700,0,1936,79,33.925,35.4996,79,80,0,"2013-07-01 20:36:00"
1596,311040700,0,1937,67,33.9275,35.5189,87,90,0,"2013-07-01 19:49:00"
1597,311040700,0,1938,55,33.9275,35.5213,92,95,0,"2013-07-01 20:35:00"
1598,311040700,0,1939,3,33.9285,35.5235,326,121,0,"2013-07-01 20:26:00"
1606,311040700,0,1951,2,33.9299,35.5223,282,101,0,"2013-07-01 20:43:00"
1614,311040700,0,1959,10,33.9271,35.5297,131,144,0,"2013-07-01 20:41:00"
1622,311040700,0,1967,2,33.9266,35.5307,140,142,0,"2013-07-01 20:44:00"
1626,311040700,0,1973,3,33.9263,35.5309,140,143,0,"2013-07-01 19:33:00"
1628,311040700,0,1980,32,33.9255,35.5318,141,141,0,"2013-07-01 09:58:00"
1630,311040700,0,1982,52,33.9242,35.533,139,138,0,"2013-07-01 05:45:00"
1634,311040700,0,1986,66,33.9186,35.5363,184,189,0,"2013-07-01 20:40:00"
1638,311040700,0,1990,61,33.9135,35.5325,226,227,0,"2013-07-01 19:10:00"
1641,311040700,0,1994,46,33.9112,35.5292,229,228,0,"2013-07-01 19:43:00"
1643,311040700,0,1996,42,33.9101,35.5277,229,227,0,"2013-07-01 20:38:00"
1645,311040700,0,2001,37,33.9091,35.5264,228,227,0,"2013-07-01 20:39:00"
1648,311040700,0,2004,32,33.9076,35.5245,228,224,0,"2013-07-01 20:35:00"
1653,311040700,0,2010,15,33.9057,35.5216,232,229,0,"2013-07-01 20:27:00"
1657,311040700,0,2016,9,33.9066,35.521,46,317,0,"2013-07-01 20:41:00"
1662,311040700,0,2022,16,33.9064,35.5223,50,30,0,"2013-07-01 20:34:00"
1666,311040700,0,2027,14,33.9075,35.5244,62,59,0,"2013-07-01 17:52:00"
1669,311040700,5,2031,3,33.9077,35.5247,85,59,0,"2013-07-01 20:42:00"
1684,311040700,5,2049,0,33.9076,35.5252,261,57,0,"2013-07-01 20:40:00"
1688,311040700,5,2053,0,33.9076,35.5252,261,57,0,"2013-07-01 05:48:00"
1694,311040700,5,2063,0,33.9076,35.5252,261,57,0,"2013-07-01 20:32:00"
1715,311040700,5,2089,1,33.9076,35.5252,261,57,0,"2013-07-01 20:31:00"
1718,311040700,5,2094,0,33.9076,35.5252,261,57,0,"2013-07-01 20:44:00"
1724,311040700,5,2100,0,33.9076,35.5252,261,57,0,"2013-07-01 20:38:00"
1727,311040700,5,2105,0,33.9076,35.5252,261,57,0,"2013-07-01 20:31:00"
1731,311040700,5,2109,0,33.9076,35.5252,261,57,0,"2013-07-01 10:54:00"
1734,311040700,5,2112,0,33.9076,35.5252,261,57,0,"2013-07-01 06:18:00"
1771,311040700,5,2154,0,33.9076,35.5252,261,57,0,"2013-07-01 20:42:00"
1778,311040700,5,2161,0,33.9076,35.5252,261,57,0,"2013-07-01 20:38:00"
1781,311040700,5,2165,0,33.9076,35.5252,261,57,0,"2013-07-01 20:07:00"
1795,311040700,5,2180,0,33.9076,35.5252,261,57,0,"2013-07-01 20:32:00"
1812,311040700,5,2202,0,33.9076,35.5252,261,57,0,"2013-07-01 20:37:00"
1815,311040700,5,2205,0,33.9076,35.5252,261,57,0,"2013-07-01 20:23:00"
1819,311040700,5,2210,0,33.9076,35.5252,261,57,0,"2013-07-01 18:52:00"
1833,311040700,5,2235,0,33.9076,35.5252,261,57,0,"2013-07-01 19:07:00"
1854,311040700,5,2260,0,33.9076,35.5252,261,57,0,"2013-07-01 20:32:00"
1869,311040700,5,2279,0,33.9076,35.5252,261,57,0,"2013-07-01 20:25:00"
1886,311040700,5,2298,0,33.9076,35.5252,261,57,0,"2013-07-01 20:39:00"
1892,311040700,5,2305,0,33.9076,35.5252,261,57,0,"2013-07-01 20:40:00"
1895,311040700,5,2309,0,33.9076,35.5252,261,57,0,"2013-07-01 20:38:00"
1898,311040700,5,2312,0,33.9076,35.5252,261,57,0,"2013-07-01 19:42:00"
1911,311040700,5,2327,60,33.9104,35.5296,43,42,0,"2013-07-01 20:44:00"
1913,311040700,0,2329,73,33.9124,35.5317,41,38,0,"2013-07-01 20:39:00"
1915,311040700,0,2332,69,33.9143,35.5334,35,34,0,"2013-07-01 20:43:00"
1917,311040700,0,2334,62,33.916,35.5349,34,34,0,"2013-07-01 20:44:00"
1923,311040700,0,2341,37,33.922,35.5377,344,336,0,"2013-07-01 20:38:00"
1932,311040700,0,2352,100,33.9247,35.5203,262,260,0,"2013-07-01 20:39:00"
1933,311040700,0,2353,105,33.9241,35.5164,260,260,0,"2013-07-01 20:33:00"
1938,311040700,0,2359,134,33.9231,35.4972,270,269,0,"2013-07-01 20:43:00"
1941,311040700,0,2362,145,33.9231,35.4855,269,270,0,"2013-07-01 20:41:00"
1952,311040700,0,2374,151,33.9237,35.4273,284,285,0,"2013-07-01 20:40:00"
1956,311040700,0,2379,150,33.9241,35.4101,270,271,0,"2013-07-01 19:13:00"
1958,311040700,0,2381,152,33.9241,35.4046,270,271,0,"2013-07-01 20:43:00"
1966,311040700,0,2391,154,33.9245,35.3636,270,271,0,"2013-07-01 20:35:00"
1974,311040700,0,2521,154,33.9249,35.3274,270,271,0,"2013-07-01 20:38:00"
1975,311040700,0,2522,154,33.9249,35.3218,270,270,0,"2013-07-01 20:43:00"
1977,311040700,0,2525,154,33.925,35.3161,270,270,0,"2013-07-01 20:43:00"
1981,311040700,0,2529,155,33.9251,35.3037,270,270,0,"2013-07-01 20:11:00"
1993,311040700,0,2546,156,33.9316,35.2378,283,284,0,"2013-07-01 20:38:00"
1998,311040700,0,2551,154,33.9369,35.2121,284,283,0,"2013-07-01 20:44:00"
2006,311040700,0,2560,154,33.9463,35.1696,285,284,0,"2013-07-01 20:41:00"
2011,311040700,0,2565,155,33.9507,35.1507,285,283,0,"2013-07-01 20:44:00"
2014,311040700,0,2568,155,33.9547,35.1331,285,284,0,"2013-07-01 20:36:00"
2018,311040700,0,2573,156,33.9603,35.1103,286,283,0,"2013-07-01 20:43:00"
2020,311040700,0,2575,156,33.9618,35.1037,286,284,0,"2013-07-01 20:41:00"
2022,311040700,0,2579,154,33.9635,35.0968,286,283,0,"2013-07-01 19:50:00"
2024,311040700,0,2581,155,33.9649,35.0908,286,284,0,"2013-07-01 20:35:00"
2028,311040700,0,2586,155,33.9681,35.0779,286,284,0,"2013-07-01 20:44:00"
2030,311040700,0,2589,155,33.9698,35.0709,286,284,0,"2013-07-01 20:43:00"
2032,311040700,0,2592,155,33.9719,35.0631,287,284,0,"2013-07-01 20:43:00"
2036,311040700,0,2596,156,33.9763,35.0456,286,283,0,"2013-07-01 20:36:00"
2044,311040700,0,2605,153,33.9863,35.0049,286,283,0,"2013-07-01 20:42:00"
2048,311040700,0,2610,152,33.99,34.9897,286,283,0,"2013-07-01 19:31:00"
2057,311040700,0,2621,149,34.0009,34.9459,286,283,0,"2013-07-01 20:29:00"
2073,311040700,0,2639,153,34.0199,34.8598,284,283,0,"2013-07-01 20:36:00"
2075,311040700,0,2642,153,34.0213,34.8534,284,282,0,"2013-07-01 17:51:00"
2080,311040700,0,2648,153,34.0262,34.8295,283,283,0,"2013-07-01 20:20:00"
2083,311040700,0,2652,153,34.0275,34.8226,283,282,0,"2013-07-01 20:33:00"
2085,311040700,0,2654,153,34.0289,34.8161,283,283,0,"2013-07-01 20:35:00"
2089,311040700,0,2659,154,34.0324,34.7981,283,283,0,"2013-07-01 20:35:00"
2095,311040700,0,2667,157,34.0379,34.7718,283,283,0,"2013-07-01 20:42:00"
2100,311040700,0,2673,156,34.0437,34.7433,283,283,0,"2013-07-01 20:43:00"
2107,311040700,0,2681,155,34.0506,34.7094,284,283,0,"2013-07-01 20:38:00"
2114,311040700,0,2690,156,34.058,34.6742,287,285,0,"2013-07-01 20:38:00"
2124,311040700,0,2702,156,34.0707,34.6213,285,284,0,"2013-07-01 17:54:00"
2136,311040700,0,2715,156,34.0827,34.5611,283,284,0,"2013-07-01 20:37:00"
2139,311040700,0,2718,156,34.0855,34.5469,283,283,0,"2013-07-01 20:43:00"
2142,311040700,0,2722,156,34.0883,34.5327,283,284,0,"2013-07-01 20:40:00"
2144,311040700,0,2724,156,34.0899,34.5252,283,283,0,"2013-07-01 20:43:00"
2162,311040700,0,2742,157,34.1098,34.4275,284,283,0,"2013-07-01 20:35:00"
2165,311040700,0,2746,158,34.112,34.4167,284,284,0,"2013-07-01 20:35:00"
2174,311040700,0,2756,158,34.1233,34.3644,284,284,0,"2013-07-01 20:39:00"
2176,311040700,0,2759,158,34.1247,34.3576,284,284,0,"2013-07-01 17:48:00"
2178,311040700,0,2762,158,34.1262,34.351,284,284,0,"2013-07-01 20:35:00"
2186,311040700,0,2771,156,34.1376,34.2974,284,284,0,"2013-07-01 20:09:00"
2189,311040700,0,2774,155,34.1401,34.2857,284,284,0,"2013-07-01 20:36:00"
2202,311040700,0,2790,152,34.1552,34.2155,284,283,0,"2013-07-01 20:36:00"
2203,311040700,0,2791,153,34.1564,34.2102,284,284,0,"2013-07-01 20:42:00"
2205,311040700,0,2793,153,34.1577,34.2042,284,284,0,"2013-07-01 20:41:00"
2208,311040700,0,2796,153,34.1603,34.1922,284,283,0,"2013-07-01 20:43:00"
2213,311040700,0,2801,154,34.1655,34.1684,284,283,0,"2013-07-01 20:44:00"
2216,311040700,0,2804,155,34.168,34.1568,284,283,0,"2013-07-01 20:35:00"
2218,311040700,0,2806,155,34.1693,34.1513,285,284,0,"2013-07-01 20:41:00"
2221,311040700,0,2809,154,34.1726,34.1362,283,282,0,"2013-07-01 20:37:00"
2223,311040700,0,2811,155,34.1753,34.1231,283,283,0,"2013-07-01 20:36:00"
2224,311040700,0,2812,155,34.1767,34.1166,284,283,0,"2013-07-01 20:42:00"
2226,311040700,0,2814,155,34.178,34.11,283,283,0,"2013-07-01 20:42:00"
2228,311040700,0,2816,155,34.1792,34.104,283,283,0,"2013-07-01 20:36:00"
2232,311040700,0,2820,155,34.1828,34.0868,283,282,0,"2013-07-01 19:59:00"
2234,311040700,0,2822,155,34.1854,34.0742,284,283,0,"2013-07-01 20:43:00"
2239,311040700,0,2827,154,34.1968,34.0324,288,287,0,"2013-07-01 20:35:00"
2244,311040700,0,2832,156,34.2032,34.0087,287,288,0,"2013-07-01 17:53:00"
2247,311040700,0,2835,158,34.2076,33.9921,287,287,0,"2013-07-01 20:12:00"
2255,311040700,0,2845,159,34.2195,33.9441,287,288,0,"2013-07-01 20:42:00"
2260,311040700,0,2851,159,34.2238,33.9273,287,288,0,"2013-07-01 20:44:00"
2263,311040700,0,2854,159,34.2269,33.9157,287,288,0,"2013-07-01 20:41:00"
2268,311040700,0,2859,158,34.2328,33.8934,286,287,0,"2013-07-01 20:44:00"
2269,311040700,0,2860,158,34.234,33.8883,286,288,0,"2013-07-01 20:36:00"
2275,311040700,0,2868,157,34.2413,33.8589,286,288,0,"2013-07-01 20:42:00"
2279,311040700,0,2873,156,34.2452,33.8423,285,288,0,"2013-07-01 20:43:00"
2283,311040700,0,2880,157,34.2492,33.8256,286,288,0,"2013-07-01 20:44:00"
2285,311040700,0,2882,158,34.2507,33.8195,286,288,0,"2013-07-01 20:38:00"
2287,311040700,0,2884,158,34.2535,33.808,286,288,0,"2013-07-01 20:42:00"
2294,311040700,0,2893,158,34.2607,33.7789,286,288,0,"2013-07-01 20:36:00"
2297,311040700,0,2896,159,34.2636,33.7677,287,288,0,"2013-07-01 20:38:00"
2300,311040700,0,2899,159,34.2665,33.7565,287,287,0,"2013-07-01 20:35:00"
2302,311040700,0,2902,159,34.2679,33.7509,287,288,0,"2013-07-01 20:41:00"
2306,311040700,0,2907,158,34.2722,33.7341,286,288,0,"2013-07-01 20:06:00"
2312,311040700,0,2914,158,34.2778,33.7119,287,287,0,"2013-07-01 20:38:00"
2318,311040700,0,2920,152,34.2849,33.6838,286,288,0,"2013-07-01 20:33:00"
2325,311040700,0,2930,151,34.2921,33.6557,287,287,0,"2013-07-01 20:35:00"
2330,311040700,0,2937,152,34.2952,33.6441,288,287,0,"2013-07-01 20:34:00"
2336,311040700,0,2945,154,34.3026,33.6178,288,287,0,"2013-07-01 20:35:00"
2338,311040700,0,2948,155,34.304,33.6129,288,288,0,"2013-07-01 20:38:00"
2340,311040700,0,2951,155,34.3056,33.6074,288,287,0,"2013-07-01 20:44:00"
2342,311040700,0,2953,156,34.3074,33.6009,288,288,0,"2013-07-01 20:43:00"
2346,311040700,0,2957,153,34.3119,33.5842,288,288,0,"2013-07-01 20:31:00"
2351,311040700,0,2963,151,34.3162,33.5682,287,288,0,"2013-07-01 20:33:00"
2353,311040700,0,2965,151,34.3176,33.5628,287,288,0,"2013-07-01 20:43:00"
2358,311040700,0,2970,148,34.3231,33.5408,286,287,0,"2013-07-01 20:44:00"
2363,311040700,0,2976,148,34.327,33.5246,286,288,0,"2013-07-01 20:41:00"
2365,311040700,0,2978,148,34.3283,33.5193,286,288,0,"2013-07-01 20:41:00"
2371,311040700,0,2986,152,34.3348,33.4926,286,288,0,"2013-07-01 20:31:00"
2381,311040700,0,3003,154,34.346,33.4478,287,288,0,"2013-07-01 20:42:00"
2387,311040700,0,3009,156,34.3539,33.4169,287,287,0,"2013-07-01 20:44:00"
2392,311040700,0,3015,156,34.3588,33.3979,287,288,0,"2013-07-01 20:44:00"
2397,311040700,0,3020,157,34.3653,33.3734,288,288,0,"2013-07-01 20:40:00"
2403,311040700,0,3029,158,34.3764,33.3326,288,287,0,"2013-07-01 20:37:00"
2409,311040700,0,3036,159,34.3845,33.304,288,288,0,"2013-07-01 20:34:00"
2413,311040700,0,3040,160,34.3898,33.2857,289,288,0,"2013-07-01 20:35:00"
2422,311040700,0,3054,160,34.4015,33.245,289,288,0,"2013-07-01 20:41:00"
2427,311040700,0,3060,162,34.4079,33.2225,289,288,0,"2013-07-01 20:43:00"
2430,311040700,0,3067,162,34.4113,33.2107,289,287,0,"2013-07-01 20:36:00"
2433,311040700,0,3070,162,34.413,33.205,289,288,0,"2013-07-01 20:38:00"
2436,311040700,0,3073,162,34.4163,33.1932,289,287,0,"2013-07-01 20:41:00"
2449,311040700,0,3090,163,34.4355,33.1302,290,287,0,"2013-07-01 20:40:00"
2452,311040700,0,3094,164,34.439,33.1189,290,288,0,"2013-07-01 20:43:00"
2454,311040700,0,3096,164,34.4408,33.1133,290,287,0,"2013-07-01 20:34:00"
2464,311040700,0,3107,163,34.4552,33.0667,290,288,0,"2013-07-01 20:44:00"
2468,311040700,0,3112,161,34.4603,33.0498,289,288,0,"2013-07-01 20:39:00"
2471,311040700,0,3115,161,34.4619,33.0441,289,287,0,"2013-07-01 20:41:00"
2473,311040700,0,3118,161,34.4636,33.0386,291,291,0,"2013-07-01 20:42:00"
2477,311040700,0,3123,159,34.469,33.0215,290,290,0,"2013-07-01 20:41:00"
2482,311040700,0,3129,154,34.4754,33.0003,290,290,0,"2013-07-01 20:41:00"
2484,311040700,0,3131,154,34.4772,32.9945,290,290,0,"2013-07-01 20:38:00"
2490,311040700,0,3138,154,34.484,32.9726,290,290,0,"2013-07-01 20:43:00"
2493,311040700,0,3141,155,34.4877,32.9609,291,289,0,"2013-07-01 20:41:00"
2496,311040700,0,3145,156,34.4912,32.9497,290,290,0,"2013-07-01 20:43:00"
2500,311040700,0,3150,156,34.4947,32.9384,290,289,0,"2013-07-01 20:43:00"
2503,311040700,0,3155,156,34.4983,32.9266,290,290,0,"2013-07-01 20:33:00"
2509,311040700,0,3163,155,34.5071,32.8989,291,290,0,"2013-07-01 20:44:00"
2511,311040700,0,3166,155,34.5088,32.8936,291,289,0,"2013-07-01 20:43:00"
2514,311040700,0,3169,155,34.5122,32.8828,289,287,0,"2013-07-01 20:33:00"
2525,311040700,0,3182,159,34.5258,32.8312,287,286,0,"2013-07-01 20:34:00"
2535,311040700,0,3194,158,34.5383,32.779,284,284,0,"2013-07-01 05:53:00"
2537,311040700,0,3196,158,34.5396,32.7729,284,285,0,"2013-07-01 20:44:00"
2539,311040700,0,3202,158,34.5407,32.7672,283,284,0,"2013-07-01 20:26:00"
2541,311040700,0,3204,157,34.5814,32.5664,284,283,0,"2013-07-01 20:42:00"
2544,311040700,0,3208,157,34.5457,32.7435,284,285,0,"2013-07-01 20:42:00"
2549,311040700,0,3214,155,34.5504,32.7201,283,285,0,"2013-07-01 20:38:00"
2551,311040700,0,3216,154,34.5516,32.714,283,284,0,"2013-07-01 20:35:00"
2555,311040700,0,3220,153,34.5551,32.697,284,285,0,"2013-07-01 20:41:00"
2557,311040700,0,3222,153,34.5563,32.6916,284,284,0,"2013-07-01 20:36:00"
2559,311040700,0,3224,153,34.5575,32.686,284,284,0,"2013-07-01 20:34:00"
2562,311040700,0,3227,153,34.5597,32.675,284,285,0,"2013-07-01 19:00:00"
2573,311040700,0,3243,154,34.5721,32.6127,283,283,0,"2013-07-01 18:00:00"
2575,311040700,0,3245,154,34.5731,32.6077,283,282,0,"2013-07-01 20:35:00"
2578,311040700,0,3248,155,34.5752,32.597,283,282,0,"2013-07-01 20:39:00"
2582,311040700,0,3252,156,34.5789,32.5787,283,282,0,"2013-07-01 20:37:00"
2594,311040700,0,3266,158,34.5923,32.5144,284,283,0,"2013-07-01 09:53:00"
2597,311040700,0,3270,159,34.5959,32.4974,284,282,0,"2013-07-01 20:35:00"
2602,311040700,0,3276,160,34.601,32.474,285,283,0,"2013-07-01 20:39:00"
2604,311040700,0,3279,160,34.6024,32.4678,284,282,0,"2013-07-01 11:33:00"
2612,311040700,0,3288,162,34.6127,32.4222,285,283,0,"2013-07-01 20:37:00"
2617,311040700,0,3294,163,34.6183,32.3985,285,283,0,"2013-07-01 20:44:00"
2623,311040700,0,3300,165,34.6252,32.3693,286,283,0,"2013-07-01 20:42:00"
2625,311040700,0,3302,165,34.6266,32.3634,286,283,0,"2013-07-01 20:42:00"
2629,311040700,0,3306,166,34.6311,32.3447,286,283,0,"2013-07-01 20:44:00"
2631,311040700,0,3309,166,34.6338,32.3335,285,283,0,"2013-07-01 20:33:00"
2637,311040700,0,3319,161,34.6403,32.304,284,283,0,"2013-07-01 20:43:00"
2644,311040700,0,3326,160,34.6486,32.2625,283,283,0,"2013-07-01 20:28:00"
2646,311040700,0,3328,158,34.6521,32.2454,284,283,0,"2013-07-01 20:34:00"
2648,311040700,0,3330,158,34.6542,32.2351,284,283,0,"2013-07-01 20:42:00"
2650,311040700,0,3333,160,34.6624,32.1948,283,283,0,"2013-07-01 20:42:00"
2651,311040700,0,3334,159,34.6646,32.1827,282,283,0,"2013-07-01 19:44:00"
2652,311040700,0,3337,157,34.6711,32.1474,282,283,0,"2013-07-01 20:10:00"
2653,311040700,0,3338,157,34.6722,32.1417,282,282,0,"2013-07-01 20:40:00"
2654,311040700,0,3339,157,34.6732,32.1361,282,283,0,"2013-07-01 18:41:00"
2657,311040700,0,3342,157,34.6778,32.1123,282,282,0,"2013-07-01 20:39:00"
2659,311040700,0,3344,157,34.68,32.1011,283,283,0,"2013-07-01 20:39:00"
2660,311040700,0,3345,156,34.681,32.0954,283,282,0,"2013-07-01 20:36:00"
2661,311040700,0,3346,156,34.6845,32.0775,282,282,0,"2013-07-01 20:40:00"
2662,311040700,0,3347,157,34.6856,32.0718,282,282,0,"2013-07-01 18:55:00"
2665,311040700,0,3351,157,34.6923,32.0369,283,283,0,"2013-07-01 20:40:00"
2669,311040700,0,3355,157,34.7012,31.9916,283,283,0,"2013-07-01 19:40:00"
2670,311040700,0,3356,158,34.7092,31.9513,283,283,0,"2013-07-01 20:39:00"
2671,311040700,0,3357,158,34.7183,31.9042,283,283,0,"2013-07-01 20:13:00"
2672,311040700,0,3358,158,34.7195,31.8979,283,283,0,"2013-07-01 20:40:00"
2673,311040700,0,3361,158,34.7229,31.8803,283,283,0,"2013-07-01 20:44:00"
2674,311040700,0,3363,158,34.7264,31.8626,283,283,0,"2013-07-01 20:33:00"
2675,311040700,0,3364,159,34.7345,31.8216,283,283,0,"2013-07-01 20:41:00"
2676,311040700,0,3365,158,34.7379,31.8039,282,282,0,"2013-07-01 20:37:00"
2678,311040700,0,3367,157,34.7456,31.7628,284,284,0,"2013-07-01 19:37:00"
2679,311040700,0,3369,157,34.7481,31.7515,284,284,0,"2013-07-01 20:41:00"
2680,311040700,0,3371,157,34.7493,31.7459,284,284,0,"2013-07-01 20:43:00"
2681,311040700,0,3372,156,34.7578,31.7055,284,286,0,"2013-07-01 20:35:00"
2682,311040700,0,3373,158,34.7657,31.6703,285,286,0,"2013-07-01 20:39:00"
2683,311040700,0,3375,158,34.7671,31.6642,285,285,0,"2013-07-01 20:10:00"
2684,311040700,0,3377,158,34.7712,31.6467,285,286,0,"2013-07-01 20:41:00"
2685,311040700,0,3378,158,34.7754,31.6292,286,286,0,"2013-07-01 20:36:00"
2686,311040700,0,3379,158,34.7897,31.5716,287,286,0,"2013-07-01 20:36:00"
2687,311040700,0,3380,158,34.7911,31.566,287,286,0,"2013-07-01 20:44:00"
2688,311040700,0,3382,158,34.7926,31.5604,287,285,0,"2013-07-01 20:35:00"
2689,311040700,0,3385,159,34.796,31.5476,287,285,0,"2013-07-01 20:37:00"
2690,311040700,0,3386,161,34.8098,31.4938,287,286,0,"2013-07-01 20:43:00"
2691,311040700,0,3388,161,34.8148,31.4745,287,285,0,"2013-07-01 20:35:00"
2692,311040700,0,3390,160,34.8182,31.4611,287,286,0,"2013-07-01 20:43:00"
2693,311040700,0,3392,161,34.8198,31.4549,287,286,0,"2013-07-01 20:35:00"
2694,311040700,0,3393,160,34.8261,31.4311,287,285,0,"2013-07-01 20:44:00"
2695,311040700,0,3395,159,34.8306,31.4135,286,285,0,"2013-07-01 20:35:00"
2696,311040700,0,3396,158,34.8389,31.3774,285,286,0,"2013-07-01 20:44:00"
